<?xml version="1.0" encoding="UTF-8" standalone="no" ?>
<COLLADA xmlns="http://www.collada.org/2005/11/COLLADASchema" version="1.4.1">
    <asset>
        <contributor>
            <authoring_tool>SketchUp 8.0.15157</authoring_tool>
        </contributor>
        <created>2012-10-03T07:44:38Z</created>
        <modified>2012-10-03T07:44:38Z</modified>
        <unit meter="0.0254000" name="inch" />
        <up_axis>Z_UP</up_axis>
    </asset>
    <library_visual_scenes>
        <visual_scene id="ID1">
            <node name="SketchUp">
                <node id="ID2" name="group_0">
                    <matrix>1.0000000 0.0000000 0.0000000 0.0000000 0.0000000 1.0000000 0.0000000 -0.0000000 0.0000000 0.0000000 0.9110229 0.0000000 0.0000000 0.0000000 0.0000000 1.0000000</matrix>
                    <node id="ID3" name="instance_0">
                        <matrix>1.0000000 0.0000000 0.0000000 113.5522133 0.0000000 1.0000000 0.0000000 115.6329242 0.0000000 0.0000000 1.0000000 0.0626096 0.0000000 0.0000000 0.0000000 1.0000000</matrix>
                        <instance_node url="#ID4" />
                    </node>
                    <node id="ID179" name="instance_112">
                        <matrix>1.0000000 0.0000000 0.0000000 94.9963429 0.0000000 1.0000000 0.0000000 96.0260713 0.0000000 0.0000000 1.0000000 0.0224295 0.0000000 0.0000000 0.0000000 1.0000000</matrix>
                        <instance_node url="#ID180" />
                    </node>
                </node>
                <node id="ID281" name="instance_113">
                    <matrix>1.0000000 0.0000000 0.0000000 20.2349393 0.0000000 1.0000000 0.0000000 20.7748851 0.0000000 0.0000000 1.0000000 0.0874615 0.0000000 0.0000000 0.0000000 1.0000000</matrix>
                    <instance_node url="#ID282" />
                </node>
            </node>
        </visual_scene>
    </library_visual_scenes>
    <library_nodes>
        <node id="ID4" name="V_Tree_Aspen">
            <node id="ID5" name="group_1">
                <matrix>0.7500000 0.0000000 0.0000000 -25.2616107 0.0000000 0.5000000 0.0000000 -2.4369635 0.0000000 0.0000000 0.5750000 -0.0508703 0.0000000 0.0000000 0.0000000 1.0000000</matrix>
                <instance_geometry url="#ID6">
                    <bind_material>
                        <technique_common>
                            <instance_material symbol="Material2" target="#ID7">
                                <bind_vertex_input semantic="UVSET0" input_semantic="TEXCOORD" input_set="0" />
                            </instance_material>
                        </technique_common>
                    </bind_material>
                </instance_geometry>
                <instance_geometry url="#ID19">
                    <bind_material>
                        <technique_common>
                            <instance_material symbol="Material2" target="#ID20">
                                <bind_vertex_input semantic="UVSET0" input_semantic="TEXCOORD" input_set="0" />
                            </instance_material>
                            <instance_material symbol="Material3" target="#ID7">
                                <bind_vertex_input semantic="UVSET0" input_semantic="TEXCOORD" input_set="0" />
                            </instance_material>
                        </technique_common>
                    </bind_material>
                </instance_geometry>
                <instance_geometry url="#ID32">
                    <bind_material>
                        <technique_common>
                            <instance_material symbol="Material2" target="#ID7">
                                <bind_vertex_input semantic="UVSET0" input_semantic="TEXCOORD" input_set="0" />
                            </instance_material>
                        </technique_common>
                    </bind_material>
                </instance_geometry>
            </node>
            <node id="ID40" name="instance_1">
                <matrix>1.0000000 0.0000000 0.0000000 39.4949117 0.0000000 1.0000000 0.0000000 53.8967229 0.0000000 0.0000000 1.0000000 137.0734741 0.0000000 0.0000000 0.0000000 1.0000000</matrix>
                <instance_node url="#ID41" />
            </node>
            <node id="ID80" name="instance_20">
                <matrix>1.0000000 0.0000000 0.0000000 34.4315052 0.0000000 1.0000000 0.0000000 37.4847610 0.0000000 0.0000000 1.0000000 130.9607469 0.0000000 0.0000000 0.0000000 1.0000000</matrix>
                <instance_node url="#ID41" />
            </node>
            <node id="ID81" name="instance_21">
                <matrix>0.5000000 -0.8660254 0.0000000 58.9866563 0.8660254 0.5000000 0.0000000 3.8956028 -0.0000000 0.0000000 1.0000000 121.5196286 0.0000000 0.0000000 0.0000000 1.0000000</matrix>
                <instance_node url="#ID41" />
            </node>
            <node id="ID82" name="instance_22">
                <matrix>1.0000000 0.0000000 0.0000000 31.8340521 0.0000000 1.0000000 0.0000000 32.5220003 0.0000000 0.0000000 1.0000000 162.9726211 0.0000000 0.0000000 0.0000000 1.0000000</matrix>
                <instance_node url="#ID41" />
            </node>
            <node id="ID83" name="instance_23">
                <matrix>1.0000000 0.0000000 0.0000000 49.0944545 0.0000000 1.0000000 0.0000000 19.8914479 0.0000000 0.0000000 1.0000000 159.6283045 0.0000000 0.0000000 0.0000000 1.0000000</matrix>
                <instance_node url="#ID41" />
            </node>
            <node id="ID84" name="instance_24">
                <matrix>1.0000000 0.0000000 0.0000000 43.0730247 0.0000000 1.0000000 0.0000000 4.9334218 0.0000000 0.0000000 1.0000000 161.8607091 0.0000000 0.0000000 0.0000000 1.0000000</matrix>
                <instance_node url="#ID41" />
            </node>
            <node id="ID85" name="instance_25">
                <matrix>1.0000000 0.0000000 0.0000000 54.9619572 0.0000000 1.0000000 0.0000000 -11.2600089 0.0000000 0.0000000 1.0000000 141.7542258 0.0000000 0.0000000 0.0000000 1.0000000</matrix>
                <instance_node url="#ID41" />
            </node>
            <node id="ID86" name="instance_26">
                <matrix>1.0000000 0.0000000 0.0000000 88.4303478 0.0000000 1.0000000 0.0000000 -6.6901009 0.0000000 0.0000000 1.0000000 180.5833957 0.0000000 0.0000000 0.0000000 1.0000000</matrix>
                <instance_node url="#ID41" />
            </node>
            <node id="ID87" name="instance_27">
                <matrix>-0.2300497 0.9731789 0.0000000 65.9260892 -0.9731789 -0.2300497 -0.0000000 39.1386140 0.0000000 -0.0000000 1.0000000 199.5452705 0.0000000 0.0000000 0.0000000 1.0000000</matrix>
                <instance_node url="#ID41" />
            </node>
            <node id="ID88" name="instance_28">
                <matrix>1.0000000 0.0000000 0.0000000 38.6614151 0.0000000 1.0000000 0.0000000 22.1103852 0.0000000 0.0000000 1.0000000 268.1366431 0.0000000 0.0000000 0.0000000 1.0000000</matrix>
                <instance_node url="#ID41" />
            </node>
            <node id="ID89" name="instance_29">
                <matrix>-0.1529858 0.9882284 0.0000000 53.4118719 -0.9882284 -0.1529858 0.0000000 67.5144341 0.0000000 -0.0000000 1.0000000 268.1366431 0.0000000 0.0000000 0.0000000 1.0000000</matrix>
                <instance_node url="#ID41" />
            </node>
            <node id="ID90" name="instance_30">
                <matrix>1.0000000 0.0000000 0.0000000 68.1718415 0.0000000 1.0000000 0.0000000 -18.5679845 0.0000000 0.0000000 1.0000000 233.4985677 0.0000000 0.0000000 0.0000000 1.0000000</matrix>
                <instance_node url="#ID41" />
            </node>
            <node id="ID91" name="instance_31">
                <matrix>1.0000000 0.0000000 0.0000000 33.8633779 0.0000000 1.0000000 0.0000000 -4.0181909 0.0000000 0.0000000 1.0000000 184.4219296 0.0000000 0.0000000 0.0000000 1.0000000</matrix>
                <instance_node url="#ID41" />
            </node>
            <node id="ID92" name="instance_32">
                <matrix>1.0000000 0.0000000 0.0000000 26.0334778 0.0000000 1.0000000 0.0000000 -4.0181909 0.0000000 0.0000000 1.0000000 184.4219296 0.0000000 0.0000000 0.0000000 1.0000000</matrix>
                <instance_node url="#ID41" />
            </node>
            <node id="ID93" name="instance_33">
                <matrix>1.0000000 0.0000000 0.0000000 8.9996011 0.0000000 1.0000000 0.0000000 -9.3979032 0.0000000 0.0000000 1.0000000 135.4608893 0.0000000 0.0000000 0.0000000 1.0000000</matrix>
                <instance_node url="#ID41" />
            </node>
            <node id="ID94" name="instance_34">
                <matrix>1.0000000 0.0000000 0.0000000 11.0109344 0.0000000 1.0000000 0.0000000 12.3283399 0.0000000 0.0000000 1.0000000 204.9101543 0.0000000 0.0000000 0.0000000 1.0000000</matrix>
                <instance_node url="#ID41" />
            </node>
            <node id="ID95" name="instance_35">
                <matrix>1.0000000 0.0000000 0.0000000 9.0714631 0.0000000 1.0000000 0.0000000 43.7553082 0.0000000 0.0000000 1.0000000 237.7500257 0.0000000 0.0000000 0.0000000 1.0000000</matrix>
                <instance_node url="#ID41" />
            </node>
            <node id="ID96" name="instance_36">
                <matrix>1.0000000 0.0000000 0.0000000 -22.1160369 0.0000000 1.0000000 0.0000000 43.7553082 0.0000000 0.0000000 1.0000000 237.7500257 0.0000000 0.0000000 0.0000000 1.0000000</matrix>
                <instance_node url="#ID41" />
            </node>
            <node id="ID97" name="instance_37">
                <matrix>1.0000000 0.0000000 0.0000000 15.8015419 0.0000000 1.0000000 0.0000000 -15.7450736 0.0000000 0.0000000 1.0000000 217.7991988 0.0000000 0.0000000 0.0000000 1.0000000</matrix>
                <instance_node url="#ID41" />
            </node>
            <node id="ID98" name="instance_38">
                <matrix>1.0000000 0.0000000 0.0000000 15.8015419 0.0000000 1.0000000 0.0000000 -15.7450736 0.0000000 0.0000000 1.0000000 286.8319494 0.0000000 0.0000000 0.0000000 1.0000000</matrix>
                <instance_node url="#ID41" />
            </node>
            <node id="ID99" name="instance_39">
                <matrix>1.0000000 0.0000000 0.0000000 36.1866463 0.0000000 1.0000000 0.0000000 23.4060853 0.0000000 0.0000000 1.0000000 320.7122676 0.0000000 0.0000000 0.0000000 1.0000000</matrix>
                <instance_node url="#ID41" />
            </node>
            <node id="ID100" name="instance_40">
                <matrix>-0.0000000 1.0000000 0.0000000 20.1280126 -1.0000000 -0.0000000 0.0000000 45.8628220 0.0000000 -0.0000000 1.0000000 339.8535557 0.0000000 0.0000000 0.0000000 1.0000000</matrix>
                <instance_node url="#ID41" />
            </node>
            <node id="ID101" name="instance_41">
                <matrix>1.0000000 0.0000000 0.0000000 24.0518859 0.0000000 1.0000000 0.0000000 -7.6681881 0.0000000 0.0000000 1.0000000 335.0607797 0.0000000 0.0000000 0.0000000 1.0000000</matrix>
                <instance_node url="#ID41" />
            </node>
            <node id="ID102" name="instance_42">
                <matrix>1.0000000 0.0000000 0.0000000 25.1913786 0.0000000 1.0000000 0.0000000 9.3227351 0.0000000 0.0000000 1.0000000 288.5729779 0.0000000 0.0000000 0.0000000 1.0000000</matrix>
                <instance_node url="#ID41" />
            </node>
            <node id="ID103" name="instance_43">
                <matrix>1.0000000 0.0000000 0.0000000 14.3397332 0.0000000 1.0000000 0.0000000 -7.1630464 0.0000000 0.0000000 1.0000000 309.2487369 0.0000000 0.0000000 0.0000000 1.0000000</matrix>
                <instance_node url="#ID41" />
            </node>
            <node id="ID104" name="instance_44">
                <matrix>-0.5000000 0.8660254 -0.0000000 11.3627631 -0.8660254 -0.5000000 -0.0000000 34.8693096 -0.0000000 0.0000000 1.0000000 232.0498803 0.0000000 0.0000000 0.0000000 1.0000000</matrix>
                <instance_node url="#ID41" />
            </node>
            <node id="ID105" name="instance_45">
                <matrix>-0.5000000 0.8660254 -0.0000000 11.3627631 -0.8660254 -0.5000000 -0.0000000 34.8693096 -0.0000000 0.0000000 1.0000000 123.0744515 0.0000000 0.0000000 0.0000000 1.0000000</matrix>
                <instance_node url="#ID41" />
            </node>
            <node id="ID106" name="instance_46">
                <matrix>-0.5000000 0.8660254 -0.0000000 1.6459306 -0.8660254 -0.5000000 -0.0000000 -6.9168029 -0.0000000 0.0000000 1.0000000 170.4002912 0.0000000 0.0000000 0.0000000 1.0000000</matrix>
                <instance_node url="#ID41" />
            </node>
            <node id="ID107" name="instance_47">
                <matrix>-0.5000000 0.8660254 -0.0000000 39.4184045 -0.8660254 -0.5000000 -0.0000000 -7.3576065 -0.0000000 0.0000000 1.0000000 179.5824225 0.0000000 0.0000000 0.0000000 1.0000000</matrix>
                <instance_node url="#ID41" />
            </node>
            <node id="ID108" name="instance_48">
                <matrix>-0.5000000 0.8660254 -0.0000000 -15.9139582 -0.8660254 -0.5000000 -0.0000000 40.2843923 -0.0000000 0.0000000 1.0000000 136.9073083 0.0000000 0.0000000 0.0000000 1.0000000</matrix>
                <instance_node url="#ID41" />
            </node>
            <node id="ID109" name="instance_49">
                <matrix>-0.5000000 0.8660254 -0.0000000 -13.2943292 -0.8660254 -0.5000000 -0.0000000 25.7961997 -0.0000000 0.0000000 1.0000000 74.0772559 0.0000000 0.0000000 0.0000000 1.0000000</matrix>
                <instance_node url="#ID41" />
            </node>
            <node id="ID110" name="instance_50">
                <matrix>0.5000000 -0.8660254 -0.0000000 -42.1152232 0.8660254 0.5000000 0.0000000 -24.2993965 -0.0000000 -0.0000000 1.0000000 161.8754341 0.0000000 0.0000000 0.0000000 1.0000000</matrix>
                <instance_node url="#ID41" />
            </node>
            <node id="ID111" name="instance_51">
                <matrix>0.5000000 -0.8660254 -0.0000000 3.1506387 0.8660254 0.5000000 0.0000000 -21.0242964 -0.0000000 -0.0000000 1.0000000 161.1269414 0.0000000 0.0000000 0.0000000 1.0000000</matrix>
                <instance_node url="#ID41" />
            </node>
            <node id="ID112" name="instance_52">
                <matrix>0.5000000 -0.8660254 -0.0000000 72.9902562 0.8660254 0.5000000 0.0000000 -25.4508268 -0.0000000 -0.0000000 1.0000000 166.6578924 0.0000000 0.0000000 0.0000000 1.0000000</matrix>
                <instance_node url="#ID41" />
            </node>
            <node id="ID113" name="instance_53">
                <matrix>0.5000000 -0.8660254 -0.0000000 -73.4653377 0.8660254 0.5000000 0.0000000 -58.1633824 -0.0000000 -0.0000000 1.0000000 144.8984704 0.0000000 0.0000000 0.0000000 1.0000000</matrix>
                <instance_node url="#ID41" />
            </node>
            <node id="ID114" name="instance_54">
                <matrix>0.5000000 -0.8660254 -0.0000000 -31.5903377 0.8660254 0.5000000 0.0000000 -58.1633824 -0.0000000 -0.0000000 1.0000000 144.8984704 0.0000000 0.0000000 0.0000000 1.0000000</matrix>
                <instance_node url="#ID41" />
            </node>
            <node id="ID115" name="instance_55">
                <matrix>0.5000000 -0.8660254 -0.0000000 -34.1442728 0.8660254 0.5000000 0.0000000 -4.9541240 -0.0000000 -0.0000000 1.0000000 172.4150573 0.0000000 0.0000000 0.0000000 1.0000000</matrix>
                <instance_node url="#ID41" />
            </node>
            <node id="ID116" name="instance_56">
                <matrix>0.5000000 -0.8660254 -0.0000000 -63.2264975 0.8660254 0.5000000 0.0000000 34.4672465 -0.0000000 -0.0000000 1.0000000 188.9462281 0.0000000 0.0000000 0.0000000 1.0000000</matrix>
                <instance_node url="#ID41" />
            </node>
            <node id="ID117" name="instance_57">
                <matrix>0.5000000 -0.8660254 -0.0000000 -48.5884110 0.8660254 0.5000000 0.0000000 22.6511327 -0.0000000 -0.0000000 1.0000000 209.3475020 0.0000000 0.0000000 0.0000000 1.0000000</matrix>
                <instance_node url="#ID41" />
            </node>
            <node id="ID118" name="instance_58">
                <matrix>0.5000000 -0.8660254 -0.0000000 -20.8593135 0.8660254 0.5000000 0.0000000 -79.5929432 -0.0000000 -0.0000000 1.0000000 209.3475020 0.0000000 0.0000000 0.0000000 1.0000000</matrix>
                <instance_node url="#ID41" />
            </node>
            <node id="ID119" name="instance_59">
                <matrix>0.5000000 -0.8660254 -0.0000000 -45.1344180 0.8660254 0.5000000 0.0000000 -44.0021478 -0.0000000 -0.0000000 1.0000000 247.3200221 0.0000000 0.0000000 0.0000000 1.0000000</matrix>
                <instance_node url="#ID41" />
            </node>
            <node id="ID120" name="instance_60">
                <matrix>0.5000000 -0.8660254 -0.0000000 -15.9932097 0.8660254 0.5000000 0.0000000 -36.0877566 -0.0000000 -0.0000000 1.0000000 239.7052362 0.0000000 0.0000000 0.0000000 1.0000000</matrix>
                <instance_node url="#ID41" />
            </node>
            <node id="ID121" name="instance_61">
                <matrix>0.5000000 -0.8660254 -0.0000000 -15.9932097 0.8660254 0.5000000 0.0000000 -36.0877566 -0.0000000 -0.0000000 1.0000000 216.6238548 0.0000000 0.0000000 0.0000000 1.0000000</matrix>
                <instance_node url="#ID41" />
            </node>
            <node id="ID122" name="instance_62">
                <matrix>0.5000000 -0.8660254 -0.0000000 -59.3427827 0.8660254 0.5000000 0.0000000 -36.0877566 -0.0000000 -0.0000000 1.0000000 297.7707249 0.0000000 0.0000000 0.0000000 1.0000000</matrix>
                <instance_node url="#ID41" />
            </node>
            <node id="ID123" name="instance_63">
                <matrix>0.5000000 -0.8660254 -0.0000000 -43.2177827 0.8660254 0.5000000 0.0000000 -36.0877566 -0.0000000 -0.0000000 1.0000000 297.7707249 0.0000000 0.0000000 0.0000000 1.0000000</matrix>
                <instance_node url="#ID41" />
            </node>
            <node id="ID124" name="instance_64">
                <matrix>0.5000000 -0.8660254 -0.0000000 -38.4306835 0.8660254 0.5000000 0.0000000 -25.9496957 -0.0000000 -0.0000000 1.0000000 266.4153710 0.0000000 0.0000000 0.0000000 1.0000000</matrix>
                <instance_node url="#ID41" />
            </node>
            <node id="ID125" name="instance_65">
                <matrix>0.5000000 -0.8660254 -0.0000000 -18.4804626 0.8660254 0.5000000 0.0000000 -59.3835965 -0.0000000 -0.0000000 1.0000000 294.3354581 0.0000000 0.0000000 0.0000000 1.0000000</matrix>
                <instance_node url="#ID41" />
            </node>
            <node id="ID126" name="instance_66">
                <matrix>0.5000000 -0.8660254 -0.0000000 -13.2148083 0.8660254 0.5000000 0.0000000 -5.0883454 -0.0000000 -0.0000000 1.0000000 307.2171349 0.0000000 0.0000000 0.0000000 1.0000000</matrix>
                <instance_node url="#ID41" />
            </node>
            <node id="ID127" name="instance_67">
                <matrix>0.5000000 -0.8660254 -0.0000000 6.7452032 0.8660254 0.5000000 0.0000000 -88.7803224 -0.0000000 -0.0000000 1.0000000 129.5025665 0.0000000 0.0000000 0.0000000 1.0000000</matrix>
                <instance_node url="#ID41" />
            </node>
            <node id="ID128" name="instance_68">
                <matrix>0.5000000 -0.8660254 -0.0000000 -7.3900353 0.8660254 0.5000000 0.0000000 -9.0937783 -0.0000000 -0.0000000 1.0000000 194.2407667 0.0000000 0.0000000 0.0000000 1.0000000</matrix>
                <instance_node url="#ID41" />
            </node>
            <node id="ID129" name="instance_69">
                <matrix>0.5000000 -0.8660254 -0.0000000 -12.7895523 0.8660254 0.5000000 0.0000000 -8.7909483 -0.0000000 -0.0000000 1.0000000 182.1776543 0.0000000 0.0000000 0.0000000 1.0000000</matrix>
                <instance_node url="#ID41" />
            </node>
            <node id="ID130" name="instance_70">
                <matrix>0.5000000 -0.8660254 -0.0000000 -21.3769512 0.8660254 0.5000000 0.0000000 17.4591567 -0.0000000 -0.0000000 1.0000000 241.9603594 0.0000000 0.0000000 0.0000000 1.0000000</matrix>
                <instance_node url="#ID41" />
            </node>
            <node id="ID131" name="instance_71">
                <matrix>0.5000000 -0.8660254 -0.0000000 -21.3769512 0.8660254 0.5000000 0.0000000 54.2716567 -0.0000000 -0.0000000 1.0000000 241.9603594 0.0000000 0.0000000 0.0000000 1.0000000</matrix>
                <instance_node url="#ID41" />
            </node>
            <node id="ID132" name="instance_72">
                <matrix>0.5000000 -0.8660254 -0.0000000 60.5508751 0.8660254 0.5000000 0.0000000 -18.9965780 -0.0000000 -0.0000000 1.0000000 224.9769476 0.0000000 0.0000000 0.0000000 1.0000000</matrix>
                <instance_node url="#ID41" />
            </node>
            <node id="ID133" name="instance_73">
                <matrix>0.5000000 -0.8660254 -0.0000000 -13.4824403 0.8660254 0.5000000 0.0000000 -113.8963695 -0.0000000 -0.0000000 1.0000000 157.1323976 0.0000000 0.0000000 0.0000000 1.0000000</matrix>
                <instance_node url="#ID41" />
            </node>
            <node id="ID134" name="instance_74">
                <matrix>0.5000000 -0.8660254 -0.0000000 -1.6514004 0.8660254 0.5000000 0.0000000 -103.1792973 -0.0000000 -0.0000000 1.0000000 174.1321826 0.0000000 0.0000000 0.0000000 1.0000000</matrix>
                <instance_node url="#ID41" />
            </node>
            <node id="ID135" name="instance_75">
                <matrix>0.5000000 -0.8660254 -0.0000000 7.2475395 0.8660254 0.5000000 0.0000000 -86.7687143 -0.0000000 -0.0000000 1.0000000 199.1294320 0.0000000 0.0000000 0.0000000 1.0000000</matrix>
                <instance_node url="#ID41" />
            </node>
            <node id="ID136" name="instance_76">
                <matrix>0.5000000 -0.8660254 -0.0000000 33.8356012 0.8660254 0.5000000 0.0000000 -88.2903351 -0.0000000 -0.0000000 1.0000000 165.8252456 0.0000000 0.0000000 0.0000000 1.0000000</matrix>
                <instance_node url="#ID41" />
            </node>
            <node id="ID137" name="instance_77">
                <matrix>0.5000000 -0.8660254 -0.0000000 -45.1719833 0.8660254 0.5000000 0.0000000 -36.2658006 -0.0000000 -0.0000000 1.0000000 304.2090000 0.0000000 0.0000000 0.0000000 1.0000000</matrix>
                <instance_node url="#ID41" />
            </node>
            <node id="ID138" name="instance_78">
                <matrix>0.5000000 -0.8660254 -0.0000000 -52.2059152 0.8660254 0.5000000 0.0000000 -24.7639659 -0.0000000 -0.0000000 1.0000000 343.3716738 0.0000000 0.0000000 0.0000000 1.0000000</matrix>
                <instance_node url="#ID41" />
            </node>
            <node id="ID139" name="instance_79">
                <matrix>0.5000000 -0.8660254 -0.0000000 -28.0809152 0.8660254 0.5000000 0.0000000 -24.7639659 -0.0000000 -0.0000000 1.0000000 343.3716738 0.0000000 0.0000000 0.0000000 1.0000000</matrix>
                <instance_node url="#ID41" />
            </node>
            <node id="ID140" name="instance_80">
                <matrix>0.5000000 -0.8660254 -0.0000000 -13.2970477 0.8660254 0.5000000 0.0000000 39.2578855 -0.0000000 -0.0000000 1.0000000 363.7974302 0.0000000 0.0000000 0.0000000 1.0000000</matrix>
                <instance_node url="#ID41" />
            </node>
            <node id="ID141" name="instance_81">
                <matrix>0.5000000 -0.8660254 -0.0000000 17.1444120 0.8660254 0.5000000 0.0000000 39.2578855 -0.0000000 -0.0000000 1.0000000 355.4602283 0.0000000 0.0000000 0.0000000 1.0000000</matrix>
                <instance_node url="#ID41" />
            </node>
            <node id="ID142" name="instance_82">
                <matrix>0.5000000 -0.8660254 -0.0000000 23.3376257 0.8660254 0.5000000 0.0000000 40.1913022 -0.0000000 -0.0000000 1.0000000 351.2968229 0.0000000 0.0000000 0.0000000 1.0000000</matrix>
                <instance_node url="#ID41" />
            </node>
            <node id="ID143" name="instance_83">
                <matrix>0.5000000 -0.8660254 -0.0000000 -7.5000968 0.8660254 0.5000000 0.0000000 -60.4985185 -0.0000000 -0.0000000 1.0000000 308.3387523 0.0000000 0.0000000 0.0000000 1.0000000</matrix>
                <instance_node url="#ID41" />
            </node>
            <node id="ID144" name="instance_84">
                <matrix>0.5000000 -0.8660254 -0.0000000 80.9367842 0.8660254 0.5000000 0.0000000 -28.2990311 -0.0000000 -0.0000000 1.0000000 308.2883481 0.0000000 0.0000000 0.0000000 1.0000000</matrix>
                <instance_node url="#ID41" />
            </node>
            <node id="ID145" name="instance_85">
                <matrix>-0.2957081 0.9552784 0.0000000 1.0184298 -0.9552784 -0.2957081 0.0000000 -28.0013411 0.0000000 -0.0000000 1.0000000 289.7106961 0.0000000 0.0000000 0.0000000 1.0000000</matrix>
                <instance_node url="#ID41" />
            </node>
            <node id="ID146" name="instance_86">
                <matrix>-0.2957081 0.9552784 0.0000000 47.0803278 -0.9552784 -0.2957081 0.0000000 15.3932569 0.0000000 -0.0000000 1.0000000 325.1380882 0.0000000 0.0000000 0.0000000 1.0000000</matrix>
                <instance_node url="#ID41" />
            </node>
            <node id="ID147" name="instance_87">
                <matrix>-0.2957081 0.9552784 0.0000000 42.5407504 -0.9552784 -0.2957081 0.0000000 30.4577561 0.0000000 -0.0000000 1.0000000 337.3120343 0.0000000 0.0000000 0.0000000 1.0000000</matrix>
                <instance_node url="#ID41" />
            </node>
            <node id="ID148" name="instance_88">
                <matrix>-0.2957081 0.9552784 0.0000000 -16.0006100 -0.9552784 -0.2957081 0.0000000 -41.6620975 0.0000000 -0.0000000 1.0000000 277.1752381 0.0000000 0.0000000 0.0000000 1.0000000</matrix>
                <instance_node url="#ID41" />
            </node>
            <node id="ID149" name="instance_89">
                <matrix>-0.2957081 0.9552784 0.0000000 15.4567400 -0.9552784 -0.2957081 0.0000000 -0.5707647 0.0000000 -0.0000000 1.0000000 277.1752381 0.0000000 0.0000000 0.0000000 1.0000000</matrix>
                <instance_node url="#ID41" />
            </node>
            <node id="ID150" name="instance_90">
                <matrix>-0.2957081 0.9552784 0.0000000 20.9840275 -0.9552784 -0.2957081 0.0000000 -18.3349707 0.0000000 -0.0000000 1.0000000 221.1342043 0.0000000 0.0000000 0.0000000 1.0000000</matrix>
                <instance_node url="#ID41" />
            </node>
            <node id="ID151" name="instance_91">
                <matrix>1.0000000 0.0000000 0.0000000 39.4949117 0.0000000 1.0000000 0.0000000 -115.6329242 0.0000000 0.0000000 1.0000000 236.0598187 0.0000000 0.0000000 0.0000000 1.0000000</matrix>
                <instance_node url="#ID41" />
            </node>
            <node id="ID152" name="instance_92">
                <matrix>1.0000000 0.0000000 0.0000000 31.9112695 0.0000000 1.0000000 0.0000000 -107.5062997 0.0000000 0.0000000 1.0000000 229.8741337 0.0000000 0.0000000 0.0000000 1.0000000</matrix>
                <instance_node url="#ID41" />
            </node>
            <node id="ID153" name="instance_93">
                <matrix>1.0000000 0.0000000 0.0000000 0.8962246 0.0000000 1.0000000 0.0000000 -29.5197351 0.0000000 0.0000000 1.0000000 222.7053006 0.0000000 0.0000000 0.0000000 1.0000000</matrix>
                <instance_node url="#ID41" />
            </node>
            <node id="ID154" name="instance_94">
                <matrix>1.0000000 0.0000000 0.0000000 -4.7762493 0.0000000 1.0000000 0.0000000 -13.0979608 0.0000000 0.0000000 1.0000000 258.9313666 0.0000000 0.0000000 0.0000000 1.0000000</matrix>
                <instance_node url="#ID41" />
            </node>
            <node id="ID155" name="instance_95">
                <matrix>1.0000000 0.0000000 0.0000000 -20.4233046 0.0000000 1.0000000 0.0000000 -49.8962592 0.0000000 0.0000000 1.0000000 117.2868232 0.0000000 0.0000000 0.0000000 1.0000000</matrix>
                <instance_node url="#ID41" />
            </node>
            <node id="ID156" name="instance_96">
                <matrix>1.0000000 0.0000000 0.0000000 -57.1625127 0.0000000 1.0000000 0.0000000 -1.8213345 0.0000000 0.0000000 1.0000000 336.0339018 0.0000000 0.0000000 0.0000000 1.0000000</matrix>
                <instance_node url="#ID41" />
            </node>
            <node id="ID157" name="instance_97">
                <matrix>1.0000000 0.0000000 0.0000000 -57.1625127 0.0000000 1.0000000 0.0000000 -1.8213345 0.0000000 0.0000000 1.0000000 368.6589018 0.0000000 0.0000000 0.0000000 1.0000000</matrix>
                <instance_node url="#ID41" />
            </node>
            <node id="ID158" name="instance_98">
                <matrix>1.0000000 0.0000000 0.0000000 -30.6996630 0.0000000 1.0000000 0.0000000 -23.3634615 0.0000000 0.0000000 1.0000000 274.9740253 0.0000000 0.0000000 0.0000000 1.0000000</matrix>
                <instance_node url="#ID41" />
            </node>
            <node id="ID159" name="instance_99">
                <matrix>0.5000000 -0.8660254 -0.0000000 25.7499032 0.8660254 0.5000000 0.0000000 -60.4985185 -0.0000000 -0.0000000 1.0000000 308.3387523 0.0000000 0.0000000 0.0000000 1.0000000</matrix>
                <instance_node url="#ID41" />
            </node>
            <node id="ID160" name="instance_100">
                <matrix>0.5000000 -0.8660254 0.0000000 73.2939874 0.8660254 0.5000000 0.0000000 -107.6038580 -0.0000000 0.0000000 1.0000000 138.7350448 0.0000000 0.0000000 0.0000000 1.0000000</matrix>
                <instance_node url="#ID41" />
            </node>
            <node id="ID161" name="instance_101">
                <matrix>0.5000000 -0.8660254 0.0000000 98.8079659 0.8660254 0.5000000 0.0000000 -82.3821186 -0.0000000 0.0000000 1.0000000 148.3843429 0.0000000 0.0000000 0.0000000 1.0000000</matrix>
                <instance_node url="#ID41" />
            </node>
            <node id="ID162" name="instance_102">
                <matrix>0.5000000 -0.8365163 -0.2241439 -8.6615970 0.8660254 0.4829629 0.1294095 6.0183367 0.0000000 -0.2588190 0.9659258 353.4387804 0.0000000 0.0000000 0.0000000 1.0000000</matrix>
                <instance_node url="#ID41" />
            </node>
            <node id="ID163" name="instance_103">
                <matrix>0.5000000 -0.8365163 -0.2241439 19.0242208 0.8660254 0.4829629 0.1294095 -49.1985602 0.0000000 -0.2588190 0.9659258 252.9477860 0.0000000 0.0000000 0.0000000 1.0000000</matrix>
                <instance_node url="#ID41" />
            </node>
            <node id="ID164" name="instance_104">
                <matrix>0.5000000 -0.8365163 -0.2241439 19.0242208 0.8660254 0.4829629 0.1294095 -102.5512958 0.0000000 -0.2588190 0.9659258 252.9477860 0.0000000 0.0000000 0.0000000 1.0000000</matrix>
                <instance_node url="#ID41" />
            </node>
            <node id="ID165" name="instance_105">
                <matrix>0.5000000 -0.8365163 -0.2241439 11.5583993 0.8660254 0.4829629 0.1294095 -93.3559899 0.0000000 -0.2588190 0.9659258 254.1059256 0.0000000 0.0000000 0.0000000 1.0000000</matrix>
                <instance_node url="#ID41" />
            </node>
            <node id="ID166" name="instance_106">
                <matrix>0.5000000 -0.8365163 -0.2241439 88.3461162 0.8660254 0.4829629 0.1294095 -10.9812148 0.0000000 -0.2588190 0.9659258 236.1833573 0.0000000 0.0000000 0.0000000 1.0000000</matrix>
                <instance_node url="#ID41" />
            </node>
            <node id="ID167" name="instance_107">
                <matrix>1.0000000 0.0000000 0.0000000 -33.3183172 0.0000000 1.0000000 0.0000000 -25.8437545 0.0000000 0.0000000 1.0000000 193.6257308 0.0000000 0.0000000 0.0000000 1.0000000</matrix>
                <instance_node url="#ID41" />
            </node>
            <node id="ID168" name="instance_108">
                <matrix>1.0000000 0.0000000 0.0000000 16.2441944 0.0000000 1.0000000 0.0000000 -110.6857037 0.0000000 0.0000000 1.0000000 127.0709683 0.0000000 0.0000000 0.0000000 1.0000000</matrix>
                <instance_node url="#ID41" />
            </node>
            <node id="ID169" name="instance_109">
                <matrix>0.5950000 0.0000000 0.0000000 -89.6621884 0.0000000 0.5950000 -0.0000000 -35.7973299 0.0000000 0.0000000 0.5950000 -0.0506523 0.0000000 0.0000000 0.0000000 1.0000000</matrix>
                <instance_node url="#ID170" />
            </node>
            <node id="ID177" name="instance_110">
                <matrix>0.0773552 -0.4939679 0.0034486 15.6832674 0.4939679 0.0773758 0.0029505 -85.2119108 -0.0034486 0.0029505 0.4999794 0.3376611 0.0000000 0.0000000 0.0000000 1.0000000</matrix>
                <instance_node url="#ID170" />
            </node>
            <node id="ID178" name="instance_111">
                <matrix>-0.3999059 0.3848286 -0.0026867 35.3510509 -0.3848286 -0.3998593 0.0066663 79.3053553 0.0026867 0.0066663 0.5549535 -0.8362068 0.0000000 0.0000000 0.0000000 1.0000000</matrix>
                <instance_node url="#ID170" />
            </node>
        </node>
        <node id="ID41" name="Leaf_Bunch">
            <node id="ID42" name="instance_2">
                <matrix>-0.8358805 -0.5101134 -0.2027019 19.9276458 0.5480059 -0.7967200 -0.2548073 44.7813047 -0.0315161 -0.3240703 0.9455079 34.1852467 0.0000000 0.0000000 0.0000000 1.0000000</matrix>
                <instance_node url="#ID43" />
            </node>
            <node id="ID63" name="instance_3">
                <matrix>0.4550676 -0.7491196 0.4813868 29.1229001 0.8894623 0.4079537 -0.2059868 6.5295911 -0.0420747 0.5219134 0.8519602 2.8637033 0.0000000 0.0000000 0.0000000 1.0000000</matrix>
                <instance_node url="#ID43" />
            </node>
            <node id="ID64" name="instance_4">
                <matrix>0.2588190 -0.9659258 -0.0000000 20.6242322 0.9659258 0.2588190 -0.0000000 22.5680523 0.0000000 -0.0000000 1.0000000 4.5943671 0.0000000 0.0000000 0.0000000 1.0000000</matrix>
                <instance_node url="#ID43" />
            </node>
            <node id="ID65" name="instance_5">
                <matrix>0.2588190 -0.9659258 -0.0000000 27.4992322 0.9659258 0.2588190 -0.0000000 29.8004628 0.0000000 -0.0000000 1.0000000 12.7362752 0.0000000 0.0000000 0.0000000 1.0000000</matrix>
                <instance_node url="#ID43" />
            </node>
            <node id="ID66" name="instance_6">
                <matrix>-0.7604060 -0.6494480 -0.0000000 13.6227110 0.6494480 -0.7604060 -0.0000000 32.7227789 -0.0000000 -0.0000000 1.0000000 10.2703325 0.0000000 0.0000000 0.0000000 1.0000000</matrix>
                <instance_node url="#ID43" />
            </node>
            <node id="ID67" name="instance_7">
                <matrix>0.2588190 -0.9659258 -0.0000000 20.6242322 0.9659258 0.2588190 -0.0000000 13.4254628 0.0000000 -0.0000000 1.0000000 12.7362752 0.0000000 0.0000000 0.0000000 1.0000000</matrix>
                <instance_node url="#ID43" />
            </node>
            <node id="ID68" name="instance_8">
                <matrix>0.4698700 -0.7159500 0.5163698 21.9139353 0.8812497 0.4143778 -0.2273544 37.8523856 -0.0511979 0.5618777 0.8256344 31.5928428 0.0000000 0.0000000 0.0000000 1.0000000</matrix>
                <instance_node url="#ID43" />
            </node>
            <node id="ID69" name="instance_9">
                <matrix>0.4113135 -0.8300425 0.3766306 22.4056621 0.9112482 0.3840522 -0.1487637 24.5236783 -0.0211656 0.4043925 0.9143406 22.8737383 0.0000000 0.0000000 0.0000000 1.0000000</matrix>
                <instance_node url="#ID43" />
            </node>
            <node id="ID70" name="instance_10">
                <matrix>0.4167831 -0.8211751 0.3898246 21.4931130 0.9087063 0.3873984 -0.1554842 31.9541074 -0.0233377 0.4190393 0.9076681 27.1728147 0.0000000 0.0000000 0.0000000 1.0000000</matrix>
                <instance_node url="#ID43" />
            </node>
            <node id="ID71" name="instance_11">
                <matrix>0.4650009 -0.7272268 0.5048914 22.0813193 0.8840044 0.4123697 -0.2201988 33.7426044 -0.0480674 0.5487189 0.8346240 17.5500281 0.0000000 0.0000000 0.0000000 1.0000000</matrix>
                <instance_node url="#ID43" />
            </node>
            <node id="ID72" name="instance_12">
                <matrix>-0.8404431 -0.4972928 -0.2153025 18.2062211 0.5407455 -0.7955364 -0.2733426 38.5101928 -0.0353497 -0.3461528 0.9375120 32.2106220 0.0000000 0.0000000 0.0000000 1.0000000</matrix>
                <instance_node url="#ID43" />
            </node>
            <node id="ID73" name="instance_13">
                <matrix>-0.8632281 -0.4205558 -0.2792310 16.2642338 0.5012274 -0.7798571 -0.3749587 49.7636624 -0.0600692 -0.4636331 0.8839887 29.0271440 0.0000000 0.0000000 0.0000000 1.0000000</matrix>
                <instance_node url="#ID43" />
            </node>
            <node id="ID74" name="instance_14">
                <matrix>-0.7604060 -0.6494480 -0.0000000 16.0602110 0.6494480 -0.7604060 -0.0000000 27.8952450 -0.0000000 -0.0000000 1.0000000 22.3334450 0.0000000 0.0000000 0.0000000 1.0000000</matrix>
                <instance_node url="#ID43" />
            </node>
            <node id="ID75" name="instance_15">
                <matrix>-0.8546867 -0.4521778 -0.2550409 19.9417534 0.5167740 -0.7879289 -0.3348322 24.1752500 -0.0495504 -0.4179751 0.9071061 20.2259423 0.0000000 0.0000000 0.0000000 1.0000000</matrix>
                <instance_node url="#ID43" />
            </node>
            <node id="ID76" name="instance_16">
                <matrix>-0.7604060 -0.6494480 -0.0000000 19.8727110 0.6494480 -0.7604060 -0.0000000 16.3477789 -0.0000000 -0.0000000 1.0000000 10.2703325 0.0000000 0.0000000 0.0000000 1.0000000</matrix>
                <instance_node url="#ID43" />
            </node>
            <node id="ID77" name="instance_17">
                <matrix>-0.5570929 -0.6502897 0.5164987 17.8585123 0.8266525 -0.3748284 0.4197014 0.2343896 -0.0793291 0.6607776 0.7463778 -0.5709164 0.0000000 0.0000000 0.0000000 1.0000000</matrix>
                <instance_node url="#ID43" />
            </node>
            <node id="ID78" name="instance_18">
                <matrix>-0.7604060 -0.6494480 -0.0000000 9.3531104 0.6494480 -0.7604060 -0.0000000 7.9652275 -0.0000000 -0.0000000 1.0000000 2.4040409 0.0000000 0.0000000 0.0000000 1.0000000</matrix>
                <instance_node url="#ID43" />
            </node>
            <node id="ID79" name="instance_19">
                <matrix>-0.8934039 -0.2565201 -0.3688184 8.7965594 0.4328830 -0.7111394 -0.5539794 15.2288347 -0.1201744 -0.6545825 0.7463778 4.2703638 0.0000000 0.0000000 0.0000000 1.0000000</matrix>
                <instance_node url="#ID43" />
            </node>
        </node>
        <node id="ID43" name="Single_Leaf">
            <instance_geometry url="#ID44">
                <bind_material>
                    <technique_common>
                        <instance_material symbol="Material2" target="#ID45">
                            <bind_vertex_input semantic="UVSET0" input_semantic="TEXCOORD" input_set="0" />
                        </instance_material>
                    </technique_common>
                </bind_material>
            </instance_geometry>
            <instance_geometry url="#ID57">
                <bind_material>
                    <technique_common>
                        <instance_material symbol="Material2" target="#ID58">
                            <bind_vertex_input semantic="UVSET0" input_semantic="TEXCOORD" input_set="0" />
                        </instance_material>
                    </technique_common>
                </bind_material>
            </instance_geometry>
        </node>
        <node id="ID170" name="Branches">
