<?xml version="1.0" encoding="UTF-8" standalone="no" ?>
<COLLADA xmlns="http://www.collada.org/2005/11/COLLADASchema" version="1.4.1">
    <asset>
        <contributor>
            <authoring_tool>SketchUp 8.0.15157</authoring_tool>
        </contributor>
        <created>2012-10-03T04:40:23Z</created>
        <modified>2012-10-03T04:40:23Z</modified>
        <unit meter="0.0254000" name="inch" />
        <up_axis>Z_UP</up_axis>
    </asset>
    <library_visual_scenes>
        <visual_scene id="ID1">
            <node name="SketchUp">
                <node id="ID2" name="group_0">
                    <matrix>0.0057465 0.0000000 0.0000000 69.7485981 0.0000000 -0.0057465 0.0000000 37.5742390 0.0000000 0.0000000 1.0000000 199.4200787 0.0000000 0.0000000 0.0000000 1.0000000</matrix>
                    <instance_geometry url="#ID3">
                        <bind_material>
                            <technique_common>
                                <instance_material symbol="Material2" target="#ID4">
                                    <bind_vertex_input semantic="UVSET0" input_semantic="TEXCOORD" input_set="0" />
                                </instance_material>
                            </technique_common>
                        </bind_material>
                    </instance_geometry>
                </node>
                <node id="ID9" name="group_1">
                    <matrix>1.0000000 0.0000000 0.0000000 144.6012682 0.0000000 1.0000000 0.0000000 -53.8636578 0.0000000 0.0000000 1.0000000 0.0000000 0.0000000 0.0000000 0.0000000 1.0000000</matrix>
                    <instance_geometry url="#ID509">
                        <bind_material>
                            <technique_common>
                                <instance_material symbol="Material2" target="#ID4">
                                    <bind_vertex_input semantic="UVSET0" input_semantic="TEXCOORD" input_set="0" />
                                </instance_material>
                            </technique_common>
                        </bind_material>
                    </instance_geometry>
                    <instance_geometry url="#ID513">
                        <bind_material>
                            <technique_common>
                                <instance_material symbol="Material2" target="#ID4">
                                    <bind_vertex_input semantic="UVSET0" input_semantic="TEXCOORD" input_set="0" />
                                </instance_material>
                            </technique_common>
                        </bind_material>
                    </instance_geometry>
                    <instance_geometry url="#ID517">
                        <bind_material>
                            <technique_common>
                                <instance_material symbol="Material2" target="#ID4">
                                    <bind_vertex_input semantic="UVSET0" input_semantic="TEXCOORD" input_set="0" />
                                </instance_material>
                            </technique_common>
                        </bind_material>
                    </instance_geometry>
                    <node id="ID10" name="instance_0">
                        <matrix>-0.6442827 -0.2910056 0.2797169 96.6902215 -0.4695363 0.4801431 -0.3247503 78.4143651 0.0665997 0.5698933 0.4164390 112.8228591 0.0000000 0.0000000 0.0000000 1.0000000</matrix>
                        <instance_node url="#ID11" />
                    </node>
                    <node id="ID111" name="instance_1">
                        <matrix>0.9719610 0.2122358 0.1012313 60.4995086 0.2351421 -0.8772777 -0.4184400 73.0848876 -0.0000000 -0.4305111 0.9025853 62.6537494 0.0000000 0.0000000 0.0000000 1.0000000</matrix>
                        <instance_node url="#ID112" />
                    </node>
                    <node id="ID129" name="instance_2">
                        <matrix>0.3696266 -0.5177354 0.2826509 79.2587209 -0.7063573 -0.2171904 0.1785334 104.0022022 0.0665997 0.5698933 0.3248224 126.9946757 0.0000000 0.0000000 0.0000000 1.0000000</matrix>
                        <instance_node url="#ID11" />
                    </node>
                    <node id="ID130" name="instance_3">
                        <matrix>-0.5153978 0.3960178 0.2717564 74.0543115 -0.6082184 -0.3979844 -0.1947156 108.6942669 0.0665997 -0.5698933 0.3248224 172.8964475 0.0000000 0.0000000 0.0000000 1.0000000</matrix>
                        <instance_node url="#ID131" />
                    </node>
                    <node id="ID224" name="instance_4">
                        <matrix>-0.7430967 0.2469910 -0.0953906 82.4540511 0.2887418 0.5041995 -0.3204159 67.2259609 0.0665997 0.5698933 0.3248224 144.6462312 0.0000000 0.0000000 0.0000000 1.0000000</matrix>
                        <instance_node url="#ID11" />
                    </node>
                    <node id="ID225" name="instance_5">
                        <matrix>0.5955115 0.7986355 0.0868757 63.7798811 -0.7902704 0.6018150 -0.1152880 76.6700108 -0.1443562 0.0000000 0.9895258 233.3164154 0.0000000 0.0000000 0.0000000 1.0000000</matrix>
                        <instance_node url="#ID226" />
                    </node>
                    <node id="ID265" name="instance_19">
                        <matrix>0.3711026 0.6197782 0.6914896 40.0798621 -0.7902704 0.6018150 -0.1152880 86.1075108 -0.4876018 -0.5036801 0.7131275 231.6823835 0.0000000 0.0000000 0.0000000 1.0000000</matrix>
                        <instance_node url="#ID226" />
                    </node>
                    <node id="ID266" name="instance_20">
                        <matrix>0.1856439 0.9822862 0.0254999 38.6225267 -0.9721094 0.1873819 -0.1410367 91.9111145 -0.1433166 0.0013939 0.9896759 213.4774277 0.0000000 0.0000000 0.0000000 1.0000000</matrix>
                        <instance_node url="#ID226" />
                    </node>
                    <node id="ID267" name="instance_21">
                        <matrix>0.9011997 -0.4131047 0.1310861 64.6790158 0.4090225 0.9106825 0.0579486 43.3983242 -0.1433166 0.0013939 0.9896759 216.4149277 0.0000000 0.0000000 0.0000000 1.0000000</matrix>
                        <instance_node url="#ID226" />
                    </node>
                    <node id="ID268" name="instance_22">
                        <matrix>-0.2810405 0.9588197 -0.0409994 74.3058962 -0.9538102 -0.2743378 0.1224128 72.9454628 0.1061241 0.0735086 0.9916321 224.9189483 0.0000000 0.0000000 0.0000000 1.0000000</matrix>
                        <instance_node url="#ID226" />
                    </node>
                    <node id="ID269" name="instance_23">
                        <matrix>0.9857410 -0.0888949 0.1428720 76.1548784 0.0881763 0.9960400 0.0113661 67.0332595 -0.1433166 0.0013939 0.9896759 220.7899277 0.0000000 0.0000000 0.0000000 1.0000000</matrix>
                        <instance_node url="#ID226" />
                    </node>
                    <node id="ID270" name="instance_24">
                        <matrix>0.5955115 0.7986355 0.0868757 63.7798811 -0.7902704 0.6018150 -0.1152880 92.7950108 -0.1443562 0.0000000 0.9895258 225.9414154 0.0000000 0.0000000 0.0000000 1.0000000</matrix>
                        <instance_node url="#ID226" />
                    </node>
                    <node id="ID271" name="instance_25">
                        <matrix>0.5957625 0.7986343 0.0851486 59.2227581 -0.7902704 0.6018150 -0.1152880 52.9825108 -0.1433166 0.0013939 0.9896759 209.7274277 0.0000000 0.0000000 0.0000000 1.0000000</matrix>
                        <instance_node url="#ID226" />
                    </node>
                    <node id="ID272" name="instance_26">
                        <matrix>0.9895258 -0.0000000 0.1443562 22.7131507 0.0000000 1.0000000 0.0000000 70.9803111 -0.1443562 0.0000000 0.9895258 173.6289154 0.0000000 0.0000000 0.0000000 1.0000000</matrix>
                        <instance_node url="#ID226" />
                    </node>
                    <node id="ID273" name="instance_27">
                        <matrix>0.9895258 -0.0000000 0.1443562 22.7131507 0.0000000 1.0000000 0.0000000 62.7928111 -0.1443562 0.0000000 0.9895258 162.8789154 0.0000000 0.0000000 0.0000000 1.0000000</matrix>
                        <instance_node url="#ID226" />
                    </node>
                    <node id="ID274" name="instance_28">
                        <matrix>0.9705059 0.1951231 0.1415815 85.8188368 -0.1930794 0.9807788 -0.0281672 101.2392457 -0.1443562 -0.0000000 0.9895258 168.0664154 0.0000000 0.0000000 0.0000000 1.0000000</matrix>
                        <instance_node url="#ID226" />
                    </node>
                    <node id="ID275" name="instance_29">
                        <matrix>0.5955115 -0.7986355 0.0868757 85.5129384 -0.7902704 -0.6018150 -0.1152880 70.8470999 -0.1443562 -0.0000000 0.9895258 196.0039154 0.0000000 0.0000000 0.0000000 1.0000000</matrix>
                        <instance_node url="#ID276" />
                    </node>
                    <node id="ID290" name="instance_30">
                        <matrix>0.5955115 -0.7986355 0.0868757 85.5129384 -0.7902704 -0.6018150 -0.1152880 70.8470999 -0.1443562 -0.0000000 0.9895258 185.6914154 0.0000000 0.0000000 0.0000000 1.0000000</matrix>
                        <instance_node url="#ID276" />
                    </node>
                    <node id="ID291" name="instance_31">
                        <matrix>0.9705059 0.1951231 0.1415815 85.8188368 -0.1930794 0.9807788 -0.0281672 33.5517457 -0.1443562 -0.0000000 0.9895258 168.0664154 0.0000000 0.0000000 0.0000000 1.0000000</matrix>
                        <instance_node url="#ID226" />
                    </node>
                    <node id="ID292" name="instance_32">
                        <matrix>0.5955115 0.7986355 0.0868757 64.2173811 -0.7902704 0.6018150 -0.1152880 110.7950108 -0.1443562 0.0000000 0.9895258 192.5664154 0.0000000 0.0000000 0.0000000 1.0000000</matrix>
                        <instance_node url="#ID226" />
                    </node>
                    <node id="ID293" name="instance_33">
                        <matrix>-0.0431625 0.9990482 -0.0062967 76.9852233 -0.9885840 -0.0436194 -0.1442188 76.2516416 -0.1443562 -0.0000000 0.9895258 145.7717285 0.0000000 0.0000000 0.0000000 1.0000000</matrix>
                        <instance_node url="#ID226" />
                    </node>
                    <node id="ID294" name="instance_34">
                        <matrix>0.5955115 0.7986355 0.0868757 51.0923811 -0.7838522 0.5539736 0.2805154 42.2392777 0.1759027 -0.2351479 0.9559099 145.4641229 0.0000000 0.0000000 0.0000000 1.0000000</matrix>
                        <instance_node url="#ID226" />
                    </node>
                    <node id="ID295" name="instance_35">
                        <matrix>0.5975597 -0.7970715 0.0871745 95.3654055 0.7887228 0.6038850 0.1150622 77.1478014 -0.1443562 0.0000000 0.9895258 173.7092285 0.0000000 0.0000000 0.0000000 1.0000000</matrix>
                        <instance_node url="#ID226" />
                    </node>
                    <node id="ID296" name="instance_36">
                        <matrix>0.5955115 0.7986355 0.0868757 75.4673811 -0.7902704 0.6018150 -0.1152880 119.2950108 -0.1443562 0.0000000 0.9895258 196.5664154 0.0000000 0.0000000 0.0000000 1.0000000</matrix>
                        <instance_node url="#ID226" />
                    </node>
                    <node id="ID297" name="instance_37">
                        <matrix>-0.0431625 0.9990482 -0.0062967 98.1019263 -0.9885840 -0.0436194 -0.1442188 112.3596985 -0.1443562 -0.0000000 0.9895258 172.1289154 0.0000000 0.0000000 0.0000000 1.0000000</matrix>
                        <instance_node url="#ID226" />
                    </node>
                    <node id="ID298" name="instance_38">
                        <matrix>0.5955115 -0.7986355 0.0868757 89.0129384 -0.7902704 -0.6018150 -0.1152880 70.8470999 -0.1443562 -0.0000000 0.9895258 185.6914154 0.0000000 0.0000000 0.0000000 1.0000000</matrix>
                        <instance_node url="#ID276" />
                    </node>
                    <node id="ID299" name="instance_39">
                        <matrix>-0.0431625 0.9990482 -0.0062967 113.1340571 -0.9885840 -0.0436194 -0.1442188 81.2972870 -0.1443562 -0.0000000 0.9895258 146.0217285 0.0000000 0.0000000 0.0000000 1.0000000</matrix>
                        <instance_node url="#ID226" />
                    </node>
                    <node id="ID300" name="instance_40">
                        <matrix>0.5955115 0.7986355 0.0868757 81.5298811 -0.7902704 0.6018150 -0.1152880 95.9825108 -0.1443562 0.0000000 0.9895258 190.9414154 0.0000000 0.0000000 0.0000000 1.0000000</matrix>
                        <instance_node url="#ID226" />
                    </node>
                    <node id="ID301" name="instance_41">
                        <matrix>-0.0431625 0.9990482 -0.0062967 57.3840571 -0.9885840 -0.0436194 -0.1442188 143.6097870 -0.1443562 -0.0000000 0.9895258 123.2092285 0.0000000 0.0000000 0.0000000 1.0000000</matrix>
                        <instance_node url="#ID226" />
                    </node>
                    <node id="ID302" name="instance_42">
                        <matrix>0.0431625 -0.9990482 0.0062967 67.8467192 0.9885840 0.0436194 0.1442188 123.4329596 -0.1443562 0.0000000 0.9895258 110.8967285 0.0000000 0.0000000 0.0000000 1.0000000</matrix>
                        <instance_node url="#ID226" />
                    </node>
                    <node id="ID303" name="instance_43">
                        <matrix>0.0431625 -0.9990482 0.0062967 85.4092192 0.9885840 0.0436194 0.1442188 123.4329596 -0.1443562 0.0000000 0.9895258 103.9592285 0.0000000 0.0000000 0.0000000 1.0000000</matrix>
                        <instance_node url="#ID226" />
                    </node>
                    <node id="ID304" name="instance_44">
                        <matrix>-0.0431625 0.9990482 -0.0062967 57.3840571 -0.9885840 -0.0436194 -0.1442188 134.1097870 -0.1443562 -0.0000000 0.9895258 90.5842285 0.0000000 0.0000000 0.0000000 1.0000000</matrix>
                        <instance_node url="#ID226" />
                    </node>
                    <node id="ID305" name="instance_45">
                        <matrix>-0.0431625 0.9990482 -0.0062967 57.3840571 -0.9885840 -0.0436194 -0.1442188 122.2972870 -0.1443562 -0.0000000 0.9895258 101.8342285 0.0000000 0.0000000 0.0000000 1.0000000</matrix>
                        <instance_node url="#ID226" />
                    </node>
                    <node id="ID306" name="instance_46">
                        <matrix>-0.0431625 0.9990482 -0.0062967 113.1965571 -0.9885840 -0.0436194 -0.1442188 125.5472870 -0.1443562 -0.0000000 0.9895258 127.8967285 0.0000000 0.0000000 0.0000000 1.0000000</matrix>
                        <instance_node url="#ID226" />
                    </node>
                    <node id="ID307" name="instance_47">
                        <matrix>0.0439345 0.8321285 -0.5528399 105.5852960 -0.9885840 -0.0436194 -0.1442188 125.5472870 -0.1441231 0.5528648 0.8207125 123.8123861 0.0000000 0.0000000 0.0000000 1.0000000</matrix>
                        <instance_node url="#ID226" />
                    </node>
                    <node id="ID308" name="instance_48">
                        <matrix>-0.0431625 0.9990482 -0.0062967 113.1965571 -0.9885840 -0.0436194 -0.1442188 117.3597870 -0.1443562 -0.0000000 0.9895258 110.9592285 0.0000000 0.0000000 0.0000000 1.0000000</matrix>
                        <instance_node url="#ID226" />
                    </node>
                    <node id="ID309" name="instance_49">
                        <matrix>-0.0535124 -0.9985367 -0.0078066 119.6640027 0.9880778 -0.0540788 0.1441450 101.4546384 -0.1443562 -0.0000000 0.9895258 98.4592285 0.0000000 0.0000000 0.0000000 1.0000000</matrix>
                        <instance_node url="#ID226" />
                    </node>
                    <node id="ID310" name="instance_50">
                        <matrix>-0.0535124 -0.9985367 -0.0078066 124.6015027 0.9880778 -0.0540788 0.1441450 93.0796384 -0.1443562 -0.0000000 0.9895258 115.7717285 0.0000000 0.0000000 0.0000000 1.0000000</matrix>
                        <instance_node url="#ID226" />
                    </node>
                    <node id="ID311" name="instance_51">
                        <matrix>-0.0535124 -0.9985367 -0.0078066 109.4765027 0.9880778 -0.0540788 0.1441450 101.4546384 -0.1443562 -0.0000000 0.9895258 98.4592285 0.0000000 0.0000000 0.0000000 1.0000000</matrix>
                        <instance_node url="#ID226" />
                    </node>
                    <node id="ID312" name="instance_52">
                        <matrix>0.5955115 0.7986355 0.0868757 64.2173811 -0.7902704 0.6018150 -0.1152880 124.6700108 -0.1443562 0.0000000 0.9895258 207.9414154 0.0000000 0.0000000 0.0000000 1.0000000</matrix>
                        <instance_node url="#ID226" />
                    </node>
                    <node id="ID313" name="instance_53">
                        <matrix>0.9492659 0.2823415 0.1384829 64.5181168 -0.2793842 0.9593140 -0.0407577 104.3084847 -0.1443562 -0.0000000 0.9895258 217.4414154 0.0000000 0.0000000 0.0000000 1.0000000</matrix>
                        <instance_node url="#ID226" />
                    </node>
                    <node id="ID314" name="instance_54">
                        <matrix>0.5955115 0.7986355 0.0868757 75.8423811 -0.7902704 0.6018150 -0.1152880 110.7950108 -0.1443562 0.0000000 0.9895258 209.4414154 0.0000000 0.0000000 0.0000000 1.0000000</matrix>
                        <instance_node url="#ID226" />
                    </node>
                    <node id="ID315" name="instance_55">
                        <matrix>0.5957625 0.7986343 0.0851486 30.7227581 -0.7902704 0.6018150 -0.1152880 86.1075108 -0.1433166 0.0013939 0.9896759 189.6024277 0.0000000 0.0000000 0.0000000 1.0000000</matrix>
                        <instance_node url="#ID226" />
                    </node>
                    <node id="ID316" name="instance_56">
                        <matrix>-0.4621443 -0.8867824 -0.0062967 54.0927059 0.8779485 -0.4565165 -0.1442188 113.1231492 0.1250161 -0.0721781 0.9895258 174.4134059 0.0000000 0.0000000 0.0000000 1.0000000</matrix>
                        <instance_node url="#ID226" />
                    </node>
                    <node id="ID317" name="instance_57">
                        <matrix>-0.4621443 -0.8867824 -0.0062967 54.0927059 0.8779485 -0.4565165 -0.1442188 99.6231492 0.1250161 -0.0721781 0.9895258 174.4134059 0.0000000 0.0000000 0.0000000 1.0000000</matrix>
                        <instance_node url="#ID226" />
                    </node>
                    <node id="ID318" name="instance_58">
                        <matrix>-0.4621443 -0.8867824 -0.0062967 76.5302059 0.8779485 -0.4565165 -0.1442188 99.6231492 0.1250161 -0.0721781 0.9895258 162.2763698 0.0000000 0.0000000 0.0000000 1.0000000</matrix>
                        <instance_node url="#ID226" />
                    </node>
                    <node id="ID319" name="instance_59">
                        <matrix>-0.0431625 0.9990482 -0.0062967 74.1340571 -0.9885840 -0.0436194 -0.1442188 112.4847870 -0.1443562 -0.0000000 0.9895258 90.5842285 0.0000000 0.0000000 0.0000000 1.0000000</matrix>
                        <instance_node url="#ID226" />
                    </node>
                    <node id="ID320" name="instance_60">
                        <matrix>0.3255645 -0.8432884 0.3506615 89.4793559 0.9422588 0.3268931 -0.0596364 47.8720549 -0.0784611 0.4266211 0.7388369 64.2151393 0.0000000 0.0000000 0.0000000 1.0000000</matrix>
                        <instance_node url="#ID131" />
                    </node>
                    <node id="ID321" name="instance_61">
                        <matrix>-0.5522079 -0.2765672 0.4576542 93.3683407 0.5738068 -0.3541000 0.3874800 73.2270794 0.0762376 0.6619092 0.3985121 72.7928083 0.0000000 0.0000000 0.0000000 1.0000000</matrix>
                        <instance_node url="#ID131" />
                    </node>
                    <node id="ID322" name="instance_62">
                        <matrix>-0.1379647 0.5592222 -0.4147272 63.4213932 0.7851944 0.0499217 -0.1081928 62.4756913 0.0665997 0.5698933 0.4164390 119.8853591 0.0000000 0.0000000 0.0000000 1.0000000</matrix>
                        <instance_node url="#ID11" />
                    </node>
                    <node id="ID323" name="instance_63">
                        <matrix>-0.7430967 0.2469910 -0.1222956 85.6052305 0.2887418 0.5041995 -0.4107896 60.1440085 0.0665997 0.5698933 0.4164390 105.7603591 0.0000000 0.0000000 0.0000000 1.0000000</matrix>
                        <instance_node url="#ID11" />
                    </node>
                    <node id="ID324" name="instance_64">
                        <matrix>-0.4621443 -0.8867824 -0.0062967 95.2177059 0.8779485 -0.4565165 -0.1442188 12.6231492 0.1250161 -0.0721781 0.9895258 150.7763698 0.0000000 0.0000000 0.0000000 1.0000000</matrix>
                        <instance_node url="#ID226" />
                    </node>
                    <node id="ID325" name="instance_65">
                        <matrix>-0.0431625 0.9990482 -0.0062967 85.0715571 -0.9885840 -0.0436194 -0.1442188 131.4222870 -0.1443562 -0.0000000 0.9895258 163.0842285 0.0000000 0.0000000 0.0000000 1.0000000</matrix>
                        <instance_node url="#ID226" />
                    </node>
                    <node id="ID326" name="instance_66">
                        <matrix>-0.4710079 0.8794487 -0.0687126 96.9345223 -0.8702372 -0.4759936 -0.1269539 91.1346315 -0.1443562 0.0000000 0.9895258 173.8164154 0.0000000 0.0000000 0.0000000 1.0000000</matrix>
                        <instance_node url="#ID226" />
                    </node>
                    <node id="ID327" name="instance_67">
                        <matrix>0.5955115 0.7986355 0.0868757 48.8423811 -0.7902704 0.6018150 -0.1152880 50.0450108 -0.1443562 0.0000000 0.9895258 176.1289154 0.0000000 0.0000000 0.0000000 1.0000000</matrix>
                        <instance_node url="#ID226" />
                    </node>
                    <node id="ID328" name="instance_68">
                        <matrix>0.5955115 0.7986355 0.0868757 68.5923811 -0.7902704 0.6018150 -0.1152880 85.9825108 -0.1443562 0.0000000 0.9895258 196.0039154 0.0000000 0.0000000 0.0000000 1.0000000</matrix>
                        <instance_node url="#ID226" />
                    </node>
                    <node id="ID329" name="instance_69">
                        <matrix>0.0431625 -0.9990482 0.0062967 132.5967192 0.9885840 0.0436194 0.1442188 61.1204596 -0.1443562 0.0000000 0.9895258 139.0217285 0.0000000 0.0000000 0.0000000 1.0000000</matrix>
                        <instance_node url="#ID226" />
                    </node>
                    <node id="ID330" name="instance_70">
                        <matrix>0.0431625 -0.9990482 0.0062967 111.5199074 0.9885840 0.0436194 0.1442188 72.8276640 -0.1443562 0.0000000 0.9895258 147.9801581 0.0000000 0.0000000 0.0000000 1.0000000</matrix>
                        <instance_node url="#ID226" />
                    </node>
                    <node id="ID331" name="instance_71">
                        <matrix>0.9803947 0.1294370 -0.1485676 61.4835446 -0.0887948 0.9633024 0.2533060 37.6442751 0.1759027 -0.2351479 0.9559099 177.0891229 0.0000000 0.0000000 0.0000000 1.0000000</matrix>
                        <instance_node url="#ID226" />
                    </node>
                    <node id="ID332" name="instance_72">
                        <matrix>0.5955115 0.7986355 0.0868757 59.6147113 -0.7902704 0.6018150 -0.1152880 37.5010510 -0.1443562 0.0000000 0.9895258 146.7123451 0.0000000 0.0000000 0.0000000 1.0000000</matrix>
                        <instance_node url="#ID226" />
                    </node>
                    <node id="ID333" name="instance_73">
                        <matrix>0.3711026 0.6197782 0.6914896 35.2673621 -0.7902704 0.6018150 -0.1152880 79.0450108 -0.4876018 -0.5036801 0.7131275 167.9948835 0.0000000 0.0000000 0.0000000 1.0000000</matrix>
                        <instance_node url="#ID226" />
                    </node>
                    <node id="ID334" name="instance_74">
                        <matrix>0.5957625 0.7986343 0.0851486 30.7227581 -0.7902704 0.6018150 -0.1152880 79.0450108 -0.1433166 0.0013939 0.9896759 149.7899277 0.0000000 0.0000000 0.0000000 1.0000000</matrix>
                        <instance_node url="#ID226" />
                    </node>
                    <node id="ID335" name="instance_75">
                        <matrix>0.5975597 -0.7970715 0.0871745 100.1154055 0.7887228 0.6038850 0.1150622 30.0853014 -0.1443562 0.0000000 0.9895258 152.7717285 0.0000000 0.0000000 0.0000000 1.0000000</matrix>
                        <instance_node url="#ID226" />
                    </node>
                    <node id="ID336" name="instance_76">
                        <matrix>0.5955115 0.7986355 0.0868757 51.0923811 -0.7667873 0.5973292 -0.2350215 44.8872237 -0.2395899 0.0733428 0.9680999 137.6805465 0.0000000 0.0000000 0.0000000 1.0000000</matrix>
                        <instance_node url="#ID226" />
                    </node>
                    <node id="ID337" name="instance_77">
                        <matrix>0.5975597 -0.7970715 0.0871745 115.6154055 0.7887228 0.6038850 0.1150622 88.8353014 -0.1443562 0.0000000 0.9895258 160.3967285 0.0000000 0.0000000 0.0000000 1.0000000</matrix>
                        <instance_node url="#ID226" />
                    </node>
                    <node id="ID338" name="instance_78">
                        <matrix>0.5955115 0.7986355 0.0868757 51.0923811 -0.7667873 0.5973292 -0.2350215 21.7622237 -0.2395899 0.0733428 0.9680999 121.0555465 0.0000000 0.0000000 0.0000000 1.0000000</matrix>
                        <instance_node url="#ID226" />
                    </node>
                    <node id="ID339" name="instance_79">
                        <matrix>0.5955115 0.7986355 0.0868757 51.0923811 -0.7838522 0.5539736 0.2805154 19.1142777 0.1759027 -0.2351479 0.9559099 128.8391229 0.0000000 0.0000000 0.0000000 1.0000000</matrix>
                        <instance_node url="#ID226" />
                    </node>
                    <node id="ID340" name="instance_80">
                        <matrix>0.2978554 -0.9435045 0.1451941 90.0999804 0.9240556 0.3231409 0.2042086 13.0947608 -0.2395899 0.0733428 0.9680999 121.0555465 0.0000000 0.0000000 0.0000000 1.0000000</matrix>
                        <instance_node url="#ID226" />
                    </node>
                    <node id="ID341" name="instance_81">
                        <matrix>0.0431625 -0.9990482 0.0062967 98.1815494 0.9885840 0.0436194 0.1442188 27.7014998 -0.1443562 0.0000000 0.9895258 75.6051581 0.0000000 0.0000000 0.0000000 1.0000000</matrix>
                        <instance_node url="#ID226" />
                    </node>
                    <node id="ID342" name="instance_82">
                        <matrix>0.7461570 -0.4051416 0.5283086 40.8513301 0.3306513 0.9142540 0.2341142 60.8993360 -0.5778576 0.0000000 0.8161376 103.2371520 0.0000000 0.0000000 0.0000000 1.0000000</matrix>
                        <instance_node url="#ID226" />
                    </node>
                    <node id="ID343" name="instance_83">
                        <matrix>0.5955115 0.7986355 0.0868757 41.5923811 -0.7902704 0.6018150 -0.1152880 93.1075108 -0.1443562 0.0000000 0.9895258 112.8789154 0.0000000 0.0000000 0.0000000 1.0000000</matrix>
                        <instance_node url="#ID226" />
                    </node>
                    <node id="ID344" name="instance_84">
                        <matrix>0.9894293 -0.0139622 0.1443421 40.5930040 0.0138159 0.9999025 0.0020155 29.1482440 -0.1443562 -0.0000000 0.9895258 164.2893638 0.0000000 0.0000000 0.0000000 1.0000000</matrix>
                        <instance_node url="#ID226" />
                    </node>
                    <node id="ID345" name="instance_85">
                        <matrix>-0.0535124 -0.9985367 -0.0078066 124.6015027 0.9880778 -0.0540788 0.1441450 57.5171384 -0.1443562 -0.0000000 0.9895258 126.7717285 0.0000000 0.0000000 0.0000000 1.0000000</matrix>
                        <instance_node url="#ID226" />
                    </node>
                    <node id="ID346" name="instance_86">
                        <matrix>-0.6685139 -0.7372773 -0.0975256 139.6750587 0.7295549 -0.6755902 0.1064306 76.5171940 -0.1443562 0.0000000 0.9895258 101.5842285 0.0000000 0.0000000 0.0000000 1.0000000</matrix>
                        <instance_node url="#ID226" />
                    </node>
                    <node id="ID347" name="instance_87">
                        <matrix>0.6685139 0.7372773 0.0975256 111.6457069 -0.7295549 0.6755902 -0.1064306 77.0221850 -0.1443562 0.0000000 0.9895258 108.5842285 0.0000000 0.0000000 0.0000000 1.0000000</matrix>
                        <instance_node url="#ID226" />
                    </node>
                    <node id="ID348" name="instance_88">
                        <matrix>0.8517264 -0.5090414 0.1242534 111.4189556 0.5037096 0.8607420 0.0734833 41.5403675 -0.1443562 0.0000000 0.9895258 126.7717285 0.0000000 0.0000000 0.0000000 1.0000000</matrix>
                        <instance_node url="#ID226" />
                    </node>
                    <node id="ID349" name="instance_89">
                        <matrix>0.8418061 -0.4674588 -0.2698977 75.3022951 0.5103143 0.8521665 0.1157217 -1.7211116 0.1759027 -0.2351479 0.9559099 138.9016229 0.0000000 0.0000000 0.0000000 1.0000000</matrix>
                        <instance_node url="#ID226" />
                    </node>
                    <node id="ID350" name="instance_90">
                        <matrix>0.9895258 -0.0000000 0.1443562 76.0260469 0.0000000 1.0000000 0.0000000 12.3716470 -0.1443562 0.0000000 0.9895258 140.7539154 0.0000000 0.0000000 0.0000000 1.0000000</matrix>
                        <instance_node url="#ID226" />
                    </node>
                    <node id="ID351" name="instance_91">
                        <matrix>0.9895258 -0.0000000 0.1443562 76.0260469 0.0000000 1.0000000 0.0000000 12.3716470 -0.1443562 0.0000000 0.9895258 118.3164154 0.0000000 0.0000000 0.0000000 1.0000000</matrix>
                        <instance_node url="#ID226" />
                    </node>
                    <node id="ID352" name="instance_92">
                        <matrix>0.9895258 -0.0000000 0.1443562 76.0260469 0.0000000 1.0000000 0.0000000 51.0591470 -0.1443562 0.0000000 0.9895258 109.7539154 0.0000000 0.0000000 0.0000000 1.0000000</matrix>
                        <instance_node url="#ID226" />
                    </node>
                    <node id="ID353" name="instance_93">
                        <matrix>0.8418061 -0.4674588 -0.2698977 53.4897951 0.5103143 0.8521665 0.1157217 90.9663884 0.1759027 -0.2351479 0.9559099 139.5266229 0.0000000 0.0000000 0.0000000 1.0000000</matrix>
                        <instance_node url="#ID226" />
                    </node>
                    <node id="ID354" name="instance_94">
                        <matrix>0.5955115 0.7986355 0.0868757 59.6147113 -0.7902704 0.6018150 -0.1152880 26.8135510 -0.1443562 0.0000000 0.9895258 81.9623451 0.0000000 0.0000000 0.0000000 1.0000000</matrix>
                        <instance_node url="#ID226" />
                    </node>
                    <node id="ID355" name="instance_95">
                        <matrix>0.8364084 -0.5343523 0.1220188 65.9767159 0.5287554 0.8452618 0.0771371 14.3298438 -0.1443562 -0.0000000 0.9895258 71.1498451 0.0000000 0.0000000 0.0000000 1.0000000</matrix>
                        <instance_node url="#ID226" />
                    </node>
                    <node id="ID356" name="instance_96">
                        <matrix>-0.8364084 -0.5343523 -0.1220188 123.2548174 0.5287554 -0.8452618 0.0771371 96.9837307 -0.1443562 0.0000000 0.9895258 148.3342285 0.0000000 0.0000000 0.0000000 1.0000000</matrix>
                        <instance_node url="#ID226" />
                    </node>
                    <node id="ID357" name="instance_97">
                        <matrix>0.8418061 -0.4674588 -0.2698977 53.4897951 0.5103143 0.8521665 0.1157217 90.9663884 0.1759027 -0.2351479 0.9559099 124.0891229 0.0000000 0.0000000 0.0000000 1.0000000</matrix>
                        <instance_node url="#ID226" />
                    </node>
                    <node id="ID358" name="instance_98">
                        <matrix>0.8418061 -0.4674588 -0.2698977 75.3022951 0.5103143 0.8521665 0.1157217 32.5913884 0.1759027 -0.2351479 0.9559099 160.4641229 0.0000000 0.0000000 0.0000000 1.0000000</matrix>
                        <instance_node url="#ID226" />
                    </node>
                    <node id="ID359" name="instance_99">
                        <matrix>0.3711026 0.6197782 0.6914896 37.9548621 -0.7902704 0.6018150 -0.1152880 128.1075108 -0.4876018 -0.5036801 0.7131275 192.4108754 0.0000000 0.0000000 0.0000000 1.0000000</matrix>
                        <instance_node url="#ID226" />
                    </node>
                    <node id="ID360" name="instance_100">
                        <matrix>-0.4621443 -0.8867824 -0.0062967 85.0302059 0.8779485 -0.4565165 -0.1442188 21.9356492 0.1250161 -0.0721781 0.9895258 106.5888698 0.0000000 0.0000000 0.0000000 1.0000000</matrix>
                        <instance_node url="#ID226" />
                    </node>
                    <node id="ID361" name="instance_101">
                        <matrix>-0.0431625 0.9990482 -0.0062967 104.5715571 -0.9885840 -0.0436194 -0.1442188 59.9847870 -0.1443562 -0.0000000 0.9895258 136.8967285 0.0000000 0.0000000 0.0000000 1.0000000</matrix>
                        <instance_node url="#ID226" />
                    </node>
                    <node id="ID362" name="instance_102">
                        <matrix>0.5955115 0.7986355 0.0868757 81.5298811 -0.7902704 0.6018150 -0.1152880 76.1700108 -0.1443562 0.0000000 0.9895258 196.0039154 0.0000000 0.0000000 0.0000000 1.0000000</matrix>
                        <instance_node url="#ID226" />
                    </node>
                    <node id="ID363" name="instance_103">
                        <matrix>-0.9895258 0.0000000 -0.1443562 54.5295179 -0.0000000 -1.0000000 -0.0000000 60.1841316 -0.1443562 -0.0000000 0.9895258 162.8789154 0.0000000 0.0000000 0.0000000 1.0000000</matrix>
                        <instance_node url="#ID226" />
                    </node>
                    <node id="ID364" name="instance_104">
                        <matrix>0.9356150 0.3255682 0.1364915 45.8847203 -0.3221581 0.9455186 -0.0469978 57.2928972 -0.1443562 -0.0000000 0.9895258 191.3164154 0.0000000 0.0000000 0.0000000 1.0000000</matrix>
                        <instance_node url="#ID226" />
                    </node>
                    <node id="ID365" name="instance_105">
                        <matrix>0.9705059 0.1951231 0.1415815 33.5063368 -0.1930794 0.9807788 -0.0281672 41.4267457 -0.1443562 -0.0000000 0.9895258 186.2539154 0.0000000 0.0000000 0.0000000 1.0000000</matrix>
                        <instance_node url="#ID226" />
                    </node>
                    <node id="ID366" name="instance_106">
                        <matrix>-0.0489742 0.9524108 -0.3008574 33.7499092 -0.9803233 0.0118347 0.1970437 127.4242481 0.1912271 0.3045876 0.9330909 164.7790768 0.0000000 0.0000000 0.0000000 1.0000000</matrix>
                        <instance_node url="#ID226" />
                    </node>
                    <node id="ID367" name="instance_107">
                        <matrix>0.0422916 -0.9681314 0.2468461 49.9461724 0.9908309 0.0089095 -0.1348137 99.5565991 0.1283182 0.2502842 0.9596313 154.5765806 0.0000000 0.0000000 0.0000000 1.0000000</matrix>
                        <instance_node url="#ID226" />
                    </node>
                    <node id="ID368" name="instance_108">
                        <matrix>-0.0489742 0.9524108 -0.3008574 44.8749092 -0.9803233 0.0118347 0.1970437 115.3617481 0.1912271 0.3045876 0.9330909 154.6540768 0.0000000 0.0000000 0.0000000 1.0000000</matrix>
                        <instance_node url="#ID226" />
                    </node>
                    <node id="ID369" name="instance_109">
                        <matrix>-0.5941001 0.3592705 -0.2902296 77.0823231 -0.5195280 -0.3703616 0.3587101 105.2387071 0.0351538 0.5982115 0.3963871 136.3036079 0.0000000 0.0000000 0.0000000 1.0000000</matrix>
                        <instance_node url="#ID131" />
                    </node>
                    <node id="ID370" name="instance_110">
                        <matrix>0.4887137 -0.2804943 0.1703080 68.7117250 -0.3581354 -0.3215509 0.2770623 99.9117734 0.0506157 0.4331189 0.3159873 171.3675961 0.0000000 0.0000000 0.0000000 1.0000000</matrix>
                        <instance_node url="#ID11" />
                    </node>
                    <node id="ID371" name="instance_111">
                        <matrix>0.7484100 0.1634216 0.0779481 61.6890431 0.1810594 -0.6755038 -0.3221988 81.8957329 -0.0000000 -0.3314935 0.6949907 197.6821305 0.0000000 0.0000000 0.0000000 1.0000000</matrix>
                        <instance_node url="#ID112" />
                    </node>
                    <node id="ID372" name="instance_112">
                        <matrix>0.2971477 -0.6411554 -0.2171289 68.4352729 -0.7103543 -0.2682011 -0.0908270 94.6446528 0.0000000 -0.3314935 0.4934434 186.3696305 0.0000000 0.0000000 0.0000000 1.0000000</matrix>
                        <instance_node url="#ID112" />
                    </node>
                    <node id="ID373" name="instance_113">
                        <matrix>0.2228937 -0.7001584 0.1634491 69.5402003 -0.7103543 -0.2682011 -0.0908270 93.5821528 -0.1965073 0.1753467 0.5137273 201.1630676 0.0000000 0.0000000 0.0000000 1.0000000</matrix>
                        <instance_node url="#ID112" />
                    </node>
                    <node id="ID374" name="instance_114">
                        <matrix>1.0000000 0.0000000 0.0000000 64.9390436 0.0000000 1.0000000 0.0000000 49.4740815 0.0000000 0.0000000 1.0000000 216.6229351 0.0000000 0.0000000 0.0000000 1.0000000</matrix>
                        <instance_node url="#ID375" />
                    </node>
                    <node id="ID408" name="instance_115">
                        <matrix>-0.7260755 0.2243041 0.1757897 79.4068646 -0.1593221 0.0794321 -0.7594123 79.9664816 -0.2362855 -0.7428177 -0.0281244 243.2735958 0.0000000 0.0000000 0.0000000 1.0000000</matrix>
                        <instance_node url="#ID375" />
                    </node>
                    <node id="ID409" name="instance_116">
                        <matrix>-0.5992499 -0.0364115 -0.1984852 82.3022180 -0.0234273 0.3979798 -0.0828186 81.1876956 -0.2422827 0.0515762 0.4989315 208.4160718 0.0000000 0.0000000 0.0000000 1.0000000</matrix>
                        <instance_node url="#ID112" />
                    </node>
                    <node id="ID410" name="instance_117">
                        <matrix>-0.1967415 -0.1129186 0.0685609 84.1037380 0.1405430 -0.1876671 0.0524054 80.1798495 0.0380678 0.1092666 0.1608595 213.9444399 0.0000000 0.0000000 0.0000000 1.0000000</matrix>
                        <instance_node url="#ID411" />
                    </node>
                    <node id="ID480" name="instance_118">
