<?xml version="1.0" encoding="UTF-8" standalone="no" ?>
<COLLADA xmlns="http://www.collada.org/2005/11/COLLADASchema" version="1.4.1">
    <asset>
        <contributor>
            <authoring_tool>SketchUp 8.0.15157</authoring_tool>
        </contributor>
        <created>2012-10-03T07:24:30Z</created>
        <modified>2012-10-03T07:24:30Z</modified>
        <unit meter="0.0254000" name="inch" />
        <up_axis>Z_UP</up_axis>
    </asset>
    <library_visual_scenes>
        <visual_scene id="ID1">
            <node name="SketchUp">
                <node id="ID2" name="instance_0">
                    <matrix>0.9597754 0.2807689 0.0000000 0.0000000 -0.2807689 0.9597754 0.0000000 0.0000000 0.0000000 -0.0000000 1.0000000 0.0000000 0.0000000 0.0000000 0.0000000 1.0000000</matrix>
                    <instance_node url="#ID3" />
                </node>
            </node>
        </visual_scene>
    </library_visual_scenes>
    <library_nodes>
        <node id="ID3" name="Group_3">
            <node id="ID4" name="group_0">
                <matrix>1.0000000 -0.0000000 0.0000000 -233.4688461 0.0000000 1.0000000 0.0000000 -94.5142472 0.0000000 0.0000000 0.9101032 423.6830664 0.0000000 0.0000000 0.0000000 1.0000000</matrix>
                <instance_geometry url="#ID5">
                    <bind_material>
                        <technique_common>
                            <instance_material symbol="Material2" target="#ID6">
                                <bind_vertex_input semantic="UVSET0" input_semantic="TEXCOORD" input_set="0" />
                            </instance_material>
                        </technique_common>
                    </bind_material>
                </instance_geometry>
            </node>
            <node id="ID18" name="group_1">
                <matrix>0.0000000 1.0000000 0.0000000 -94.5142472 -1.0000000 0.0000000 0.0000000 233.4688461 0.0000000 0.0000000 0.9101032 423.6830664 0.0000000 0.0000000 0.0000000 1.0000000</matrix>
                <instance_geometry url="#ID19">
                    <bind_material>
                        <technique_common>
                            <instance_material symbol="Material2" target="#ID6">
                                <bind_vertex_input semantic="UVSET0" input_semantic="TEXCOORD" input_set="0" />
                            </instance_material>
                        </technique_common>
                    </bind_material>
                </instance_geometry>
            </node>
            <node id="ID27" name="group_2">
                <matrix>-1.0000000 0.0000000 0.0000000 233.4688461 -0.0000000 -1.0000000 0.0000000 94.5142472 0.0000000 0.0000000 0.9101032 423.6830664 0.0000000 0.0000000 0.0000000 1.0000000</matrix>
                <instance_geometry url="#ID28">
                    <bind_material>
                        <technique_common>
                            <instance_material symbol="Material2" target="#ID6">
                                <bind_vertex_input semantic="UVSET0" input_semantic="TEXCOORD" input_set="0" />
                            </instance_material>
                        </technique_common>
                    </bind_material>
                </instance_geometry>
            </node>
            <node id="ID36" name="group_3">
                <matrix>-0.0000000 -1.0000000 0.0000000 94.5142472 1.0000000 -0.0000000 0.0000000 -233.4688461 0.0000000 0.0000000 0.9101032 423.6830664 0.0000000 0.0000000 0.0000000 1.0000000</matrix>
                <instance_geometry url="#ID37">
                    <bind_material>
                        <technique_common>
                            <instance_material symbol="Material2" target="#ID6">
                                <bind_vertex_input semantic="UVSET0" input_semantic="TEXCOORD" input_set="0" />
                            </instance_material>
                        </technique_common>
                    </bind_material>
                </instance_geometry>
            </node>
            <node id="ID45" name="instance_1">
                <matrix>-0.6833117 -0.7301267 0.0000000 64.8508936 0.5162776 -0.4831744 -0.7071068 -145.5414579 0.5162776 -0.4831744 0.7071068 464.2652059 0.0000000 0.0000000 0.0000000 1.0000000</matrix>
                <instance_node url="#ID46" />
            </node>
            <node id="ID60" name="instance_2">
                <matrix>-0.6833117 -0.7301267 0.0000000 64.8508936 0.5162776 -0.4831744 -0.7071068 -127.4312217 0.5162776 -0.4831744 0.7071068 339.8557571 0.0000000 0.0000000 0.0000000 1.0000000</matrix>
                <instance_node url="#ID46" />
            </node>
            <node id="ID61" name="instance_3">
                <matrix>0.6833117 0.7301267 -0.0000000 -14.0642263 0.5162776 -0.4831744 -0.7071068 -127.8249225 0.5162776 -0.4831744 0.7071068 522.1392217 0.0000000 0.0000000 0.0000000 1.0000000</matrix>
                <instance_node url="#ID62" />
            </node>
            <node id="ID71" name="instance_4">
                <matrix>0.2906524 -0.9568287 0.0000000 99.2338750 0.6765801 0.2055223 -0.7071068 -195.7997230 0.6765801 0.2055223 0.7071068 597.0778071 0.0000000 0.0000000 0.0000000 1.0000000</matrix>
                <instance_node url="#ID46" />
            </node>
            <node id="ID72" name="instance_5">
                <matrix>0.6833117 0.7301267 -0.0000000 -14.0642263 0.5162776 -0.4831744 -0.7071068 -142.7855524 0.5162776 -0.4831744 0.7071068 332.7691430 0.0000000 0.0000000 0.0000000 1.0000000</matrix>
                <instance_node url="#ID62" />
            </node>
            <node id="ID73" name="instance_6">
                <matrix>0.6833117 0.7301267 -0.0000000 -14.0642263 0.5162776 -0.4831744 -0.7071068 -170.3446076 0.5162776 -0.4831744 0.7071068 398.1234737 0.0000000 0.0000000 0.0000000 1.0000000</matrix>
                <instance_node url="#ID62" />
            </node>
            <node id="ID74" name="instance_7">
                <matrix>0.0331032 -0.9994519 0.0000000 32.5577706 0.7067192 0.0234075 -0.7071068 -195.9043494 0.7067192 0.0234075 0.7071068 689.8865664 0.0000000 0.0000000 0.0000000 1.0000000</matrix>
                <instance_node url="#ID75" />
            </node>
            <node id="ID84" name="instance_8">
                <matrix>1.2400000 -0.0000000 0.0000000 1.8165696 0.0000000 1.2400000 0.0000000 -0.6980020 0.0000000 0.0000000 3.0315450 0.0000000 0.0000000 0.0000000 0.0000000 1.0000000</matrix>
                <instance_node url="#ID85" />
            </node>
            <node id="ID165" name="instance_15">
                <matrix>-0.2267019 -0.9739642 0.0000000 -17.4246703 0.6886967 -0.1603025 -0.7071068 -188.6744283 0.6886967 -0.1603025 0.7071068 616.4078261 0.0000000 0.0000000 0.0000000 1.0000000</matrix>
                <instance_node url="#ID46" />
            </node>
            <node id="ID166" name="instance_16">
                <matrix>0.0331032 -0.9994519 0.0000000 8.9357233 0.7067192 0.0234075 -0.7071068 -195.9043494 0.7067192 0.0234075 0.7071068 537.9180625 0.0000000 0.0000000 0.0000000 1.0000000</matrix>
                <instance_node url="#ID46" />
            </node>
            <node id="ID167" name="instance_17">
                <matrix>0.5162776 -0.4831744 -0.7071068 -127.4312217 0.6833117 0.7301267 -0.0000000 -64.8508936 0.5162776 -0.4831744 0.7071068 339.8557571 0.0000000 0.0000000 0.0000000 1.0000000</matrix>
                <instance_node url="#ID46" />
            </node>
            <node id="ID168" name="instance_18">
                <matrix>0.6765801 0.2055223 -0.7071068 -195.7997230 -0.2906524 0.9568287 -0.0000000 -99.2338750 0.6765801 0.2055223 0.7071068 597.0778071 0.0000000 0.0000000 0.0000000 1.0000000</matrix>
                <instance_node url="#ID46" />
            </node>
            <node id="ID169" name="instance_19">
                <matrix>0.5162776 -0.4831744 -0.7071068 -142.7855524 -0.6833117 -0.7301267 0.0000000 14.0642263 0.5162776 -0.4831744 0.7071068 332.7691430 0.0000000 0.0000000 0.0000000 1.0000000</matrix>
                <instance_node url="#ID62" />
            </node>
            <node id="ID170" name="instance_20">
                <matrix>0.5162776 -0.4831744 -0.7071068 -127.8249225 -0.6833117 -0.7301267 0.0000000 14.0642263 0.5162776 -0.4831744 0.7071068 522.1392217 0.0000000 0.0000000 0.0000000 1.0000000</matrix>
                <instance_node url="#ID62" />
            </node>
            <node id="ID171" name="instance_21">
                <matrix>0.7067192 0.0234075 -0.7071068 -195.9043494 -0.0331032 0.9994519 -0.0000000 -8.9357233 0.7067192 0.0234075 0.7071068 537.9180625 0.0000000 0.0000000 0.0000000 1.0000000</matrix>
                <instance_node url="#ID46" />
            </node>
            <node id="ID172" name="instance_22">
                <matrix>0.7067192 0.0234075 -0.7071068 -195.9043494 -0.0331032 0.9994519 -0.0000000 -32.5577706 0.7067192 0.0234075 0.7071068 689.8865664 0.0000000 0.0000000 0.0000000 1.0000000</matrix>
                <instance_node url="#ID75" />
            </node>
            <node id="ID173" name="instance_23">
                <matrix>0.5162776 -0.4831744 -0.7071068 -145.5414579 0.6833117 0.7301267 -0.0000000 -64.8508936 0.5162776 -0.4831744 0.7071068 464.2652059 0.0000000 0.0000000 0.0000000 1.0000000</matrix>
                <instance_node url="#ID46" />
            </node>
            <node id="ID174" name="instance_24">
                <matrix>-0.6833117 -0.7301267 0.0000000 14.0642263 -0.5162776 0.4831744 0.7071068 142.7855524 0.5162776 -0.4831744 0.7071068 332.7691430 0.0000000 0.0000000 0.0000000 1.0000000</matrix>
                <instance_node url="#ID62" />
            </node>
            <node id="ID175" name="instance_25">
                <matrix>-0.0331032 0.9994519 -0.0000000 -32.5577706 -0.7067192 -0.0234075 0.7071068 195.9043494 0.7067192 0.0234075 0.7071068 689.8865664 0.0000000 0.0000000 0.0000000 1.0000000</matrix>
                <instance_node url="#ID75" />
            </node>
            <node id="ID176" name="instance_26">
                <matrix>-0.6833117 -0.7301267 0.0000000 14.0642263 -0.5162776 0.4831744 0.7071068 127.8249225 0.5162776 -0.4831744 0.7071068 522.1392217 0.0000000 0.0000000 0.0000000 1.0000000</matrix>
                <instance_node url="#ID62" />
            </node>
            <node id="ID177" name="instance_27">
                <matrix>0.6833117 0.7301267 -0.0000000 -64.8508936 -0.5162776 0.4831744 0.7071068 145.5414579 0.5162776 -0.4831744 0.7071068 464.2652059 0.0000000 0.0000000 0.0000000 1.0000000</matrix>
                <instance_node url="#ID46" />
            </node>
            <node id="ID178" name="instance_28">
                <matrix>-0.2906524 0.9568287 -0.0000000 -99.2338750 -0.6765801 -0.2055223 0.7071068 195.7997230 0.6765801 0.2055223 0.7071068 597.0778071 0.0000000 0.0000000 0.0000000 1.0000000</matrix>
                <instance_node url="#ID46" />
            </node>
            <node id="ID179" name="instance_29">
                <matrix>0.6833117 0.7301267 -0.0000000 -64.8508936 -0.5162776 0.4831744 0.7071068 127.4312217 0.5162776 -0.4831744 0.7071068 339.8557571 0.0000000 0.0000000 0.0000000 1.0000000</matrix>
                <instance_node url="#ID46" />
            </node>
            <node id="ID180" name="instance_30">
                <matrix>-0.0331032 0.9994519 -0.0000000 -8.9357233 -0.7067192 -0.0234075 0.7071068 195.9043494 0.7067192 0.0234075 0.7071068 537.9180625 0.0000000 0.0000000 0.0000000 1.0000000</matrix>
                <instance_node url="#ID46" />
            </node>
            <node id="ID181" name="instance_31">
                <matrix>-0.5162776 0.4831744 0.7071068 127.8249225 0.6833117 0.7301267 -0.0000000 -14.0642263 0.5162776 -0.4831744 0.7071068 522.1392217 0.0000000 0.0000000 0.0000000 1.0000000</matrix>
                <instance_node url="#ID62" />
            </node>
            <node id="ID182" name="instance_32">
                <matrix>-0.5162776 0.4831744 0.7071068 145.5414579 -0.6833117 -0.7301267 -0.0000000 64.8508936 0.5162776 -0.4831744 0.7071068 464.2652059 0.0000000 0.0000000 0.0000000 1.0000000</matrix>
                <instance_node url="#ID46" />
            </node>
            <node id="ID183" name="instance_33">
                <matrix>-0.5162776 0.4831744 0.7071068 142.7855524 0.6833117 0.7301267 -0.0000000 -14.0642263 0.5162776 -0.4831744 0.7071068 332.7691430 0.0000000 0.0000000 0.0000000 1.0000000</matrix>
                <instance_node url="#ID62" />
            </node>
            <node id="ID184" name="instance_34">
                <matrix>-0.7067192 -0.0234075 0.7071068 195.9043494 0.0331032 -0.9994519 0.0000000 32.5577706 0.7067192 0.0234075 0.7071068 689.8865664 0.0000000 0.0000000 0.0000000 1.0000000</matrix>
                <instance_node url="#ID75" />
            </node>
            <node id="ID185" name="instance_35">
                <matrix>-0.6765801 -0.2055223 0.7071068 195.7997230 0.2906524 -0.9568287 0.0000000 99.2338750 0.6765801 0.2055223 0.7071068 597.0778071 0.0000000 0.0000000 0.0000000 1.0000000</matrix>
                <instance_node url="#ID46" />
            </node>
            <node id="ID186" name="instance_36">
                <matrix>-0.7067192 -0.0234075 0.7071068 195.9043494 0.0331032 -0.9994519 0.0000000 8.9357233 0.7067192 0.0234075 0.7071068 537.9180625 0.0000000 0.0000000 0.0000000 1.0000000</matrix>
                <instance_node url="#ID46" />
            </node>
            <node id="ID187" name="instance_37">
                <matrix>-0.5162776 0.4831744 0.7071068 127.4312217 -0.6833117 -0.7301267 -0.0000000 64.8508936 0.5162776 -0.4831744 0.7071068 339.8557571 0.0000000 0.0000000 0.0000000 1.0000000</matrix>
                <instance_node url="#ID46" />
            </node>
        </node>
        <node id="ID46" name="rama">
            <instance_geometry url="#ID47">
                <bind_material>
                    <technique_common>
                        <instance_material symbol="Material2" target="#ID48">
                            <bind_vertex_input semantic="UVSET0" input_semantic="TEXCOORD" input_set="0" />
                        </instance_material>
                    </technique_common>
                </bind_material>
            </instance_geometry>
        </node>
        <node id="ID62" name="rama">
            <instance_geometry url="#ID63">
                <bind_material>
                    <technique_common>
                        <instance_material symbol="Material2" target="#ID48">
                            <bind_vertex_input semantic="UVSET0" input_semantic="TEXCOORD" input_set="0" />
                        </instance_material>
                    </technique_common>
                </bind_material>
            </instance_geometry>
        </node>
        <node id="ID75" name="rama_1">
            <instance_geometry url="#ID76">
                <bind_material>
                    <technique_common>
                        <instance_material symbol="Material2" target="#ID48">
                            <bind_vertex_input semantic="UVSET0" input_semantic="TEXCOORD" input_set="0" />
                        </instance_material>
                    </technique_common>
                </bind_material>
            </instance_geometry>
        </node>
        <node id="ID85" name="tronco2">
            <instance_geometry url="#ID151">
                <bind_material>
                    <technique_common>
                        <instance_material symbol="Material2" target="#ID89">
                            <bind_vertex_input semantic="UVSET0" input_semantic="TEXCOORD" input_set="0" />
                        </instance_material>
                    </technique_common>
                </bind_material>
            </instance_geometry>
            <instance_geometry url="#ID159">
                <bind_material>
                    <technique_common>
                        <instance_material symbol="Material2" target="#ID103">
                            <bind_vertex_input semantic="UVSET0" input_semantic="TEXCOORD" input_set="0" />
                        </instance_material>
                    </technique_common>
                </bind_material>
            </instance_geometry>
            <node id="ID86" name="instance_9">
                <matrix>-0.7071068 0.7071068 0.0000000 -54.3814080 -0.7071068 -0.7071068 -0.0000000 32.6801085 0.0000000 -0.0000000 1.0000000 150.4057829 0.0000000 0.0000000 0.0000000 1.0000000</matrix>
                <instance_node url="#ID87" />
            </node>
            <node id="ID109" name="instance_10">
                <matrix>-0.6700000 -0.0000000 0.0000000 48.0645783 0.0000000 0.6700000 0.0000000 -35.9573505 -0.0000000 0.0000000 0.6700000 140.3005558 0.0000000 0.0000000 0.0000000 1.0000000</matrix>
                <instance_node url="#ID110" />
            </node>
            <node id="ID132" name="instance_11">
                <matrix>0.8341790 -0.5514938 -0.0000000 -36.7436247 0.5514938 0.8341790 0.0000000 3.0331131 0.0000000 -0.0000000 1.0000000 158.3649054 0.0000000 0.0000000 0.0000000 1.0000000</matrix>
                <instance_node url="#ID87" />
            </node>
            <node id="ID133" name="instance_12">
                <matrix>-0.8308000 0.0000000 -0.0000000 73.1819430 -0.0000000 0.8308000 0.0000000 -55.5650441 0.0000000 0.0000000 0.8308000 178.0967268 0.0000000 0.0000000 0.0000000 1.0000000</matrix>
                <instance_node url="#ID134" />
            </node>
            <node id="ID149" name="instance_13">
                <matrix>-0.6434205 -0.4168222 0.3201531 72.3319856 0.5233409 -0.5548039 0.3294474 -28.3759904 0.0485089 0.4568156 0.6922391 164.1537573 0.0000000 0.0000000 0.0000000 1.0000000</matrix>
                <instance_node url="#ID87" />
            </node>
            <node id="ID150" name="instance_14">
                <matrix>0.8341790 -0.5514938 -0.0000000 36.8775239 0.5514938 0.8341790 0.0000000 -23.9903979 0.0000000 -0.0000000 1.0000000 121.1434405 0.0000000 0.0000000 0.0000000 1.0000000</matrix>
                <instance_node url="#ID87" />
            </node>
        </node>
        <node id="ID87" name="branch1">
            <instance_geometry url="#ID88">
                <bind_material>
                    <technique_common>
                        <instance_material symbol="Material2" target="#ID89">
                            <bind_vertex_input semantic="UVSET0" input_semantic="TEXCOORD" input_set="0" />
                        </instance_material>
                    </technique_common>
                </bind_material>
            </instance_geometry>
            <instance_geometry url="#ID101">
                <bind_material>
                    <technique_common>
                        <instance_material symbol="Material2" target="#ID103">
                            <bind_vertex_input semantic="UVSET0" input_semantic="TEXCOORD" input_set="0" />
                        </instance_material>
                    </technique_common>
                </bind_material>
            </instance_geometry>
        </node>
        <node id="ID110" name="branch1">
            <instance_geometry url="#ID111">
                <bind_material>
                    <technique_common>
                        <instance_material symbol="Material2" target="#ID89">
                            <bind_vertex_input semantic="UVSET0" input_semantic="TEXCOORD" input_set="0" />
                        </instance_material>
                        <instance_material symbol="Material3" target="#ID116">
                            <bind_vertex_input semantic="UVSET0" input_semantic="TEXCOORD" input_set="0" />
                        </instance_material>
                    </technique_common>
                </bind_material>
            </instance_geometry>
            <instance_geometry url="#ID124">
                <bind_material>
                    <technique_common>
                        <instance_material symbol="Material2" target="#ID116">
                            <bind_vertex_input semantic="UVSET0" input_semantic="TEXCOORD" input_set="0" />
                        </instance_material>
                    </technique_common>
                </bind_material>
            </instance_geometry>
        </node>
        <node id="ID134" name="branch1">
            <instance_geometry url="#ID135">
                <bind_material>
                    <technique_common>
                        <instance_material symbol="Material2" target="#ID89">
                            <bind_vertex_input semantic="UVSET0" input_semantic="TEXCOORD" input_set="0" />
                        </instance_material>
                    </technique_common>
                </bind_material>
            </instance_geometry>
            <instance_geometry url="#ID143">
                <bind_material>
                    <technique_common>
                        <instance_material symbol="Material2" target="#ID103">
                            <bind_vertex_input semantic="UVSET0" input_semantic="TEXCOORD" input_set="0" />
                        </instance_material>
                    </technique_common>
                </bind_material>
            </instance_geometry>
        </node>
    </library_nodes>
    <library_geometries>
        <geometry id="ID5">
            <mesh>
                <source id="ID11">
